modelstatus =         2.00
x(1) =     0.9998776287
x(2) =     0.2535884404
x(3) =    -0.7466075717
x(4) =     0.2452015019
x(5) =    -0.0374902910
x(6) =     0.0001223713
obj =     0.0001223713
infeas =         0.00
nonopt =         0.00
