modelstatus =         2.00
x(1) =     0.0000000000
x(2) =     0.0000000000
x(3) =     0.0000000000
x(4) =     0.4532776116
x(5) =     0.0000000000
x(6) =     0.0000000000
x(7) =     0.0000000000
x(8) =     0.4532776116
x(9) =     0.0000000000
x(10) =     0.0000000000
x(11) =     0.0000000000
x(12) =     0.4532776116
x(13) =     0.0531809418
x(14) =     0.5453807011
x(15) =     0.1158418701
x(16) =     0.6313137499
x(17) =     0.1872753946
x(18) =     0.7101067753
x(19) =     0.1872753946
x(20) =     0.3170786582
x(21) =     0.1872753946
x(22) =     0.7101067753
x(23) =     0.2666726570
x(24) =     0.7808674551
x(25) =     0.2666726570
x(26) =     0.4541555469
x(27) =     0.2666726570
x(28) =     0.2195247656
x(29) =     0.2666726570
x(30) =     0.0000000000
x(31) =     0.2666726570
x(32) =     0.6906599665
x(33) =     0.2666726570
x(34) =     0.6931359832
x(35) =     0.2666726570
x(36) =     0.4106383400
x(37) =     0.2666726570
x(38) =     0.0000000000
x(39) =     0.2666726570
x(40) =     0.6945591515
x(41) =     0.2666726570
x(42) =     0.4141976074
x(43) =     0.2666726570
x(44) =     0.0000000000
x(45) =     0.2666726570
x(46) =     0.0000000000
x(47) =     0.2666726570
x(48) =     0.6884868577
x(49) =     0.2666726570
x(50) =     0.4035111499
x(51) =     0.2666726570
x(52) =     0.7808674551
x(53) =     0.3531337119
x(54) =     0.8427943666
x(55) =     0.3531337119
x(56) =     0.2532342408
x(57) =     0.3531337119
x(58) =     0.8427943666
x(59) =     0.4456846999
x(60) =     0.8951900068
x(61) =     0.5560485515
x(62) =     0.8311498118
x(63) =     0.5560485515
x(64) =     0.0000000000
x(65) =     0.5560485515
x(66) =     0.2523409407
x(67) =     0.5560485515
x(68) =     0.2763452868
x(69) =     0.5560485515
x(70) =     0.8311498118
x(71) =     0.6573548362
x(72) =     0.7535811962
x(73) =     0.6573548362
x(74) =     0.5845487570
x(75) =     0.6573548362
x(76) =     0.3128470940
x(77) =     0.6573548362
x(78) =     0.0000000000
x(79) =     0.6573548362
x(80) =     0.0000000000
x(81) =     0.6573548362
x(82) =     0.7535811962
x(83) =     0.6573548362
x(84) =     0.2871106575
x(85) =     0.6573548362
x(86) =     0.0000000000
x(87) =     0.6573548362
x(88) =     0.7535811962
x(89) =     0.6573548362
x(90) =     0.2368587678
x(91) =     0.6573548362
x(92) =     0.7535811962
x(93) =     0.7479658386
x(94) =     0.6637372266
x(95) =     0.8263951901
x(96) =     0.5630905700
x(97) =     0.8913693998
x(98) =     0.4532776116
x(99) =     0.8913693998
x(100) =     0.0000000000
obj =    -0.6420150511
infeas =         0.00
nonopt =         0.00
