modelstatus = 0.00
X(1) = 	0.7171161
X(2) = 	0.000000
X(3) = 	0.000000
X(4) = 	0.9689971E-01
X(5) = 	0.000000
X(6) = 	0.000000
X(7) = 	0.1859842
obj = 3551.306
infeas =         0.00
nonopt =         0.00
