modelstatus =         2.00
x(1) =     2.0000000000
x(2) =     0.0000000000
obj =   -99.9600000000
infeas =         0.00
nonopt =         0.00
