modelstatus = 2
x(1) = 0.0842511
x(2) =  0.442598
x(3) =  1.03056
obj =  0.64907
