modelstatus = 2
x(1) = 240000
x(2) =  3500
x(3) =  325
x(4) =  90
x(5) =  163
x(6) =  0
x(7) =  1.58916e-16
x(8) =  0
x(9) =  240354
x(10) =  3505.17
x(11) =  325
x(12) =  90
x(13) =  102
x(14) =  0
x(15) =  1.58916e-16
x(16) =  0
x(17) =  240769
x(18) =  3510.34
x(19) =  325
x(20) =  90
x(21) =  46
x(22) =  0
x(23) =  1.58916e-16
x(24) =  0
x(25) =  241240
x(26) =  3515.51
x(27) =  254
x(28) =  90
x(29) =  25
x(30) =  0
x(31) =  0
x(32) =  0
x(33) =  241732
x(34) =  3520.68
x(35) =  184
x(36) =  90
x(37) =  25
x(38) =  0
x(39) =  0
x(40) =  0
x(41) =  242224
x(42) =  3525.85
x(43) =  154
x(44) =  90
x(45) =  25
x(46) =  0
x(47) =  0
x(48) =  0
x(49) =  242716
x(50) =  3531.02
x(51) =  255
x(52) =  90
x(53) =  25
x(54) =  0
x(55) =  0
x(56) =  0
x(57) =  243208
x(58) =  3536.19
x(59) =  325
x(60) =  90
x(61) =  144
x(62) =  0
x(63) =  1.58916e-16
x(64) =  0
x(65) =  243581
x(66) =  3541.36
x(67) =  325
x(68) =  90
x(69) =  274
x(70) =  0
x(71) =  9.08091e-17
x(72) =  0
x(73) =  243824
x(74) =  3546.53
x(75) =  325
x(76) =  90
x(77) =  313
x(78) =  0
x(79) =  1.13511e-16
x(80) =  0
x(81) =  244028
x(82) =  3551.7
x(83) =  325
x(84) =  90
x(85) =  268
x(86) =  0
x(87) =  0
x(88) =  0
x(89) =  244277
x(90) =  3556.87
x(91) =  325
x(92) =  90
x(93) =  211
x(94) =  0
x(95) =  4.54046e-17
x(96) =  0
x(97) =  244583
x(98) =  3562.04
x(99) =  325
x(100) =  90
x(101) =  204
x(102) =  0
x(103) =  4.54046e-17
x(104) =  0
x(105) =  244896
x(106) =  3567.21
x(107) =  325
x(108) =  90
x(109) =  171
x(110) =  0
x(111) =  2.27023e-17
x(112) =  0
x(113) =  245242
x(114) =  3572.38
x(115) =  325
x(116) =  90
x(117) =  167
x(118) =  0
x(119) =  0
x(120) =  0
x(121) =  245592
x(122) =  3577.55
x(123) =  325
x(124) =  90
x(125) =  210
x(126) =  0
x(127) =  0
x(128) =  0
x(129) =  245899
x(130) =  3582.72
x(131) =  325
x(132) =  90
x(133) =  406
x(134) =  0
x(135) =  0
x(136) =  0
x(137) =  246010
x(138) =  3587.89
x(139) =  325
x(140) =  90
x(141) =  468
x(142) =  0
x(143) =  2.27023e-17
x(144) =  0
x(145) =  246059
x(146) =  3593.06
x(147) =  325
x(148) =  90
x(149) =  353
x(150) =  0
x(151) =  0
x(152) =  0
x(153) =  246223
x(154) =  3598.23
x(155) =  325
x(156) =  90
x(157) =  296
x(158) =  0
x(159) =  0
x(160) =  0
x(161) =  246444
x(162) =  3603.4
x(163) =  325
x(164) =  90
x(165) =  262
x(166) =  0
x(167) =  0
x(168) =  0
x(169) =  246699
x(170) =  3608.57
x(171) =  325
x(172) =  90
x(173) =  215
x(174) =  0
x(175) =  0
x(176) =  0
x(177) =  247001
x(178) =  3613.74
x(179) =  325
x(180) =  90
x(181) =  130
x(182) =  0
x(183) =  1.13511e-16
x(184) =  0
x(185) =  247388
x(186) =  3618.91
x(187) =  325
x(188) =  90
x(189) =  150
x(190) =  0
x(191) =  0
x(192) =  0
x(193) =  247755
x(194) =  3624.08
obj =  1.61706e+07
