modelstatus =         2.00
x(1) =    15.3141855090
x(2) =    15.1879312970
x(3) =    15.1846311668
x(4) =    15.1649929561
x(5) =    15.1615129198
x(6) =    15.1495361094
x(7) =    15.1379968891
x(8) =    15.1237599947
x(9) =    15.0864246768
x(10) =    15.0689793832
x(11) =    15.0388912547
x(12) =    15.0000000000
x(13) =     0.5000000000
x(14) =     0.5000000000
x(15) =     0.5000000000
x(16) =     0.5000000000
x(17) =     0.5000000000
x(18) =     0.5000000000
x(19) =     0.5000000000
x(20) =     0.5000000000
x(21) =     0.5000000000
x(22) =     0.5000000000
x(23) =     0.5000000000
x(24) =     0.5000000000
x(25) =    51.4000000000
x(26) =    51.2000000000
x(27) =    51.4000000000
x(28) =    51.2000000000
x(29) =    51.4000000000
x(30) =    51.4000000000
x(31) =    51.4000000000
x(32) =    51.4000000000
x(33) =    51.4000000000
x(34) =    51.2000000000
x(35) =    51.4000000000
x(36) =    51.2000000000
x(37) =     2.1808699805
x(38) =     1.7078047092
x(39) =     0.6186914909
x(40) =     0.6395343023
x(41) =     0.4000000000
x(42) =     0.4000000000
x(43) =     0.4000000000
x(44) =     0.4000000000
x(45) =     0.8045629093
x(46) =     0.7694717394
x(47) =     0.9150373767
x(48) =     0.9498878136
x(49) =    50.8200000000
x(50) =     2.0000000000
x(51) =    15.5000000000
x(52) =     2.3000000000
x(53) =    -3.0841219772
x(54) =     0.4236243404
x(55) =     0.3835820896
x(56) =     0.3425373134
x(57) =     0.3537313433
x(58) =     0.0000000000
x(59) =     0.0000000000
x(60) =     0.0000000000
x(61) =     0.0000000000
obj = 18744.0146085026
infeas =         0.00
nonopt =         0.00
