modelstatus =         2.00
x(1) =     1.0061304188
x(2) =     4.0314778408
x(3) =     1.0098888128
x(4) =    -3.0222190558
x(5) =     9.9654910455
x(6) =    -5.0285966272
obj =     0.0000000174
infeas =         0.00
nonopt =         0.00
