modelstatus =  -1.00
X(1) = 	0.3980644E-02
X(2) = 	0.2438545
X(3) = 	0.7521482
X(4) = 	-7.513488
X(5) = 	-2.579635
X(6) = 	-0.4540377
X(7) = 	0.4415030E-04
obj = 0.4415030E-04
infeas =         0.00
nonopt =         0.00
