modelstatus =         2.00
x(1) =     2.1719963714
x(2) =     2.3636829746
x(3) =     8.7739257399
x(4) =     0.9906547648
x(5) =     8.2800916622
x(6) =     5.0959844875
x(7) =     1.4305739767
x(8) =     1.3216442077
x(9) =     9.8287258072
x(10) =     8.3759266446
obj =    24.3062090589
infeas =         0.00
nonopt =         0.00
