modelstatus = 2
x(1) = 0.965299
x(2) =  0.351046
x(3) =  1.26758
x(4) =  -0.0136392
x(5) =  -0.732422
obj =  0.824892
