modelstatus =  -1.00
X(1) = 	0.1188763
X(2) = 	-0.3962336
X(3) = 	679.9454
X(4) = 	1026.067
obj = 5126.498
infeas =         0.00
nonopt =         0.00
