modelstatus = 0.00
X(1) = 	77.00000
X(2) = 	1124.520
X(3) = 	158.0000
X(4) = 	16.00000
X(5) = 	783.6500
X(6) = 	11.00000
X(7) = 	49.00000
X(8) = 	2155.170
X(9) = 	252.0000
X(10) = 	51.38000
X(11) = 	0.000000
X(12) = 	0.000000
X(13) = 	0.000000
X(14) = 	0.000000
X(15) = 	0.000000
X(16) = 	2.890000
X(17) = 	0.000000
X(18) = 	0.000000
X(19) = 	77.00000
X(20) = 	1189.740
X(21) = 	158.0000
X(22) = 	16.00000
X(23) = 	796.6200
X(24) = 	11.00000
X(25) = 	49.00000
X(26) = 	1636.960
X(27) = 	252.0000
X(28) = 	32.06000
X(29) = 	0.000000
X(30) = 	0.000000
X(31) = 	0.000000
X(32) = 	0.000000
X(33) = 	0.000000
X(34) = 	0.000000
X(35) = 	0.000000
X(36) = 	0.000000
X(37) = 	77.00000
X(38) = 	1222.080
X(39) = 	158.0000
X(40) = 	16.00000
X(41) = 	813.1400
X(42) = 	11.00000
X(43) = 	49.00000
X(44) = 	1716.130
X(45) = 	252.0000
X(46) = 	18.13000
X(47) = 	0.000000
X(48) = 	0.000000
X(49) = 	0.000000
X(50) = 	0.000000
X(51) = 	0.000000
X(52) = 	0.000000
X(53) = 	0.000000
X(54) = 	0.000000
X(55) = 	0.000000
X(56) = 	0.000000
X(57) = 	0.000000
X(58) = 	0.000000
X(59) = 	2.580000
X(60) = 	21.91000
X(61) = 	0.000000
X(62) = 	0.000000
X(63) = 	0.000000
X(64) = 	566.4300
X(65) = 	583.5700
X(66) = 	0.000000
X(67) = 	0.000000
X(68) = 	0.000000
X(69) = 	0.000000
X(70) = 	4.200000
X(71) = 	48.37000
X(72) = 	1.610000
X(73) = 	1.610000
X(74) = 	0.000000
X(75) = 	0.000000
X(76) = 	18.76000
X(77) = 	0.000000
X(78) = 	0.000000
X(79) = 	0.000000
X(80) = 	140.2100
X(81) = 	140.2100
X(82) = 	18.13000
X(83) = 	122.2400
X(84) = 	122.2400
X(85) = 	116.4300
X(86) = 	0.000000
X(87) = 	6.020000
X(88) = 	77.00000
X(89) = 	1100.000
X(90) = 	158.0000
X(91) = 	16.00000
X(92) = 	0.000000
X(93) = 	700.0000
X(94) = 	11.00000
X(95) = 	49.00000
X(96) = 	2000.000
X(97) = 	252.0000
obj = 0.2676376E+14
infeas =         0.00
nonopt =         0.00
