modelstatus =         2.00
x(1) =     6.1111111111
x(2) =    23.4294181898
x(3) =    27.4147492983
x(4) =    22.2268318102
x(5) =     8.3950617284
x(6) =    17.3928571429
x(7) =     0.0000000000
x(8) =     0.0000000000
x(9) =    21.1299707194
x(10) =     0.0000000000
x(11) =     0.0000000000
x(12) =     0.0000000000
obj =  2398.4158385317
infeas =         0.00
nonopt =         0.00
