modelstatus = 2
x(1) = 1
x(2) =  0.999999
obj =  1.31135e-11
