modelstatus = 2
x(1) = 1.41163
x(2) =  0.377072
obj =  1.50865
