modelstatus =         2.00
x(1) =     0.5000000000
x(2) =  1000.0000000000
x(3) =     0.2500000000
x(4) =     0.2000000000
x(5) =   136.6983953106
x(6) =     0.1428571429
x(7) =   106.2081135081
x(8) =   168.1564544637
x(9) =   123.2212483001
x(10) =   115.4251322554
x(11) =   125.4980219272
x(12) =  -647.6640993636
x(13) =   131.9227637786
x(14) =    79.8761875130
x(15) =     0.0625000000
x(16) =   404.7143612384
x(17) =     0.0555555556
x(18) =   319.9007069646
x(19) =   179.5532804130
x(20) =   152.2209685590
x(21) =   126.1188510333
x(22) =   121.6874983319
x(23) =   120.7904590551
x(24) =   130.4140162400
x(25) =     0.0384615385
x(26) =     0.0370370370
x(27) =     0.0357142857
x(28) =     0.0344827586
x(29) =     0.0333333333
x(30) =     0.0322580645
x(31) =     0.0312500000
x(32) =     0.0303030303
x(33) =     0.0294117647
x(34) =     0.0285714286
x(35) =     0.0277777778
x(36) =     0.0270270270
x(37) =     0.0263157895
x(38) =     0.0256410256
x(39) =     0.0250000000
x(40) =     0.0243902439
x(41) =     0.0238095238
x(42) =     0.0232558140
x(43) =     0.0227272727
x(44) =     0.0222222222
x(45) =     0.0217391304
x(46) =   311.3020661311
x(47) =   230.8225281408
x(48) =   -19.4855689309
x(49) =     0.0200000000
x(50) =     0.0196078431
x(51) =     0.0192307692
x(52) =     0.0188679245
x(53) =     0.0185185185
x(54) =     0.0181818182
x(55) =     0.0178571429
x(56) =     0.0175438596
x(57) =     0.0172413793
x(58) =     0.0169491525
x(59) =     0.0166666667
x(60) =     0.0163934426
x(61) =     0.0161290323
x(62) =   249.7185579055
x(63) =     0.0156250000
x(64) =     0.0153846154
x(65) =     0.0151515152
x(66) =   -76.2774911638
x(67) =     0.0147058824
x(68) =     0.0144927536
x(69) =     0.0142857143
x(70) =  -364.7813384641
x(71) =     0.0138888889
x(72) =     0.0136986301
x(73) =     0.0135135135
x(74) =  -269.9619729902
x(75) =  -109.6132728715
x(76) =  -117.2797410873
x(77) =     0.0128205128
x(78) =     0.0126582278
x(79) =     0.0125000000
x(80) = -1658.1742148954
x(81) =     0.0121951220
x(82) =     0.0120481928
x(83) =     0.0119047619
x(84) =     0.0117647059
x(85) =     0.0116279070
x(86) =     0.0114942529
x(87) =  -252.3854000802
x(88) =     0.0112359551
x(89) =     0.0111111111
x(90) =     0.0109890110
x(91) =     0.0108695652
x(92) =     0.0107526882
x(93) =     0.0106382979
x(94) =  -120.4586394524
x(95) =     0.0104166667
x(96) =     0.0103092784
x(97) =     0.0102040816
x(98) =     0.0101010101
x(99) =     0.0100000000
x(100) =     0.0099009901
obj = -1754.9999941028
infeas =         0.00
nonopt =         0.00
