modelstatus =  -1.00
X(1) = 	0.2015511E-08
X(2) = 	0.1000520
X(3) = 	0.2164056E-01
X(4) = 	0.000000
X(5) = 	0.000000
X(6) = 	0.3587060
X(7) = 	0.000000
X(8) = 	0.5196014
obj = 18309.36
infeas =         0.00
nonopt =         0.00
