modelstatus =         1.00
x(1) =    -1.0000000000
x(2) =    -0.0000000229
x(3) =     0.0000002515
x(4) =    -0.0000024923
x(5) =     0.0000221796
x(6) =    -0.0001749441
x(7) =     0.0012024290
x(8) =    -0.0070396298
x(9) =     0.0339957198
x(10) =    -0.1289432495
x(11) =     0.3528340288
x(12) =    -0.5767248080
x(13) =     0.2238907793
x(14) =     0.5767248080
x(15) =     0.3528340288
x(16) =     0.1289432495
x(17) =     0.0339957198
x(18) =     0.0070396297
x(19) =     0.0012024289
x(20) =     0.0001749435
x(21) =     0.0000221759
x(22) =     0.0000024640
obj =    -1.0000000000
infeas =         0.00
nonopt =         0.00
