modelstatus =         2.00
x(1) =     0.9994007255
x(2) =     0.9999999454
x(3) =     1.0002996973
x(4) =     0.9994008452
x(5) =     0.9994007342
obj =     0.0000000000
infeas =         0.00
nonopt =         0.00
