modelstatus =         2.00
x(1) =    -0.0945558739
x(2) =     0.0315186246
x(3) =     0.5157593123
x(4) =    -0.4527220630
x(5) =     0.0315186246
obj =     5.3266475645
infeas =         0.00
nonopt =         0.00
