modelstatus =         2.00
x(1) =     0.5000010000
x(2) =     1.9999940004
x(3) =    -0.0000000850
x(4) =    -2.1213149227
x(5) =    -0.0000017902
obj =   306.4975491346
infeas =         0.00
nonopt =         0.00
