modelstatus =      2.00
x(1) =    81.514141736437608
x(2) =    -185.38195811631283
x(3) =    217.7236889311861
x(4) =    -207.76261706397514
x(5) =    138.06841515067578
x(6) =    -48.490589417313984
x(7) =    6.9550220752136287
x(8) =    0.24845319429422136
x(9) =    0.12040190045340803
obj =    0.0097525096865470236
infeas =         0.00
nonopt =         0.00
