modelstatus = 2
x(1) = 0.646788
x(2) =  0.203212
obj =  0.033787
