modelstatus =         2.00
x(1) =     1.1048590187
x(2) =     1.1966741805
x(3) =     1.5352622617
obj =     0.0325682004
infeas =         0.00
nonopt =         0.00
