modelstatus =         2.00
x(1) =     0.2685649123
x(2) =     0.0000000000
x(3) =     0.0000000000
x(4) =     0.0280000000
x(5) =     0.0134000000
x(6) =     0.0000000000
obj =     3.1358091228
infeas =         0.00
nonopt =         0.00
