modelstatus = 2
x(1) = 7.92701e-07
x(2) =  0.999716
x(3) =  0.00794484
x(4) =  0.281266
x(5) =  0.130701
x(6) =  0.0149591
x(7) =  0.00910695
x(8) =  0.0341366
x(9) =  0.0461852
x(10) =  0.0388283
x(11) =  0.0205607
x(12) =  0.00123667
x(13) =  -0.0127893
x(14) =  -0.0191289
x(15) =  -0.0182702
x(16) =  -0.0122684
x(17) =  -0.00370143
x(18) =  0.00501391
x(19) =  0.011996
x(20) =  0.016049
x(21) =  0.0166705
x(22) =  0.0139784
x(23) =  0.00859916
x(24) =  0.0015443
x(25) =  -0.00590784
x(26) =  -0.0123175
x(27) =  -0.0161719
x(28) =  -0.0159567
x(29) =  -0.0102109
x(30) =  0.00243312
x(31) =  0.0232213
obj =  5.5311e-07
