modelstatus =         2.00
x(1) =     0.1928069343
x(2) =     0.1912823283
x(3) =     0.1230565053
x(4) =     0.1360623305
obj =     0.0003075056
infeas =         0.00
nonopt =         0.00
