modelstatus =         2.00
x(1) =     0.2230707885
x(2) =     0.8636797014
x(3) =     0.4519920494
x(4) =    -0.8070597297
x(5) =     0.4357746590
x(6) =    -0.3984407620
x(7) =     0.8891372161
x(8) =     0.2881676779
x(9) =     0.3555199238
x(10) =     0.2728212846
x(11) =    -0.9515850251
x(12) =    -0.1416138794
x(13) =    -0.2285502960
x(14) =    -0.4154375213
x(15) =     0.8804410520
x(16) =    -0.5455738338
x(17) =     0.5625255859
x(18) =     0.6212199017
x(19) =     0.2010678038
x(20) =     0.9750490791
x(21) =    -0.0940799909
x(22) =    -0.1759934308
x(23) =    -0.0622429981
x(24) =    -0.9824215695
x(25) =    -0.9028995151
x(26) =    -0.3627637272
x(27) =     0.2305969696
x(28) =     0.3641216181
x(29) =    -0.1829376428
x(30) =    -0.9132082304
x(31) =    -0.9139435318
x(32) =    -0.2541984644
x(33) =    -0.3163706314
x(34) =    -0.2731209988
x(35) =     0.9390687897
x(36) =     0.2086977082
x(37) =    -0.3549124608
x(38) =     0.4696796103
x(39) =    -0.8083552587
x(40) =    -0.2171305793
x(41) =    -0.8900114359
x(42) =    -0.4009164136
x(43) =    -0.4349498098
x(44) =     0.8430549046
x(45) =    -0.3163496356
x(46) =    -0.0257610619
x(47) =    -0.5737847511
x(48) =    -0.8186009064
x(49) =     0.7270415562
x(50) =    -0.5317399332
x(51) =     0.4343537961
x(52) =    -0.2016233564
x(53) =    -0.9677267230
x(54) =     0.1511721691
x(55) =     0.3208186373
x(56) =    -0.4848228966
x(57) =     0.8136474486
x(58) =     0.2823244735
x(59) =    -0.8674471052
x(60) =     0.4096686645
x(61) =     0.6771709543
x(62) =    -0.0633902273
x(63) =     0.7330901651
x(64) =     0.9340294528
x(65) =     0.2957063307
x(66) =    -0.2003665751
x(67) =     0.6788814333
x(68) =     0.2358855773
x(69) =    -0.6953258328
x(70) =     0.9795068686
x(71) =    -0.1862855886
x(72) =     0.0765766230
x(73) =    -0.8156319343
x(74) =     0.0674839585
x(75) =     0.5746220288
x(76) =    -0.6722349786
x(77) =     0.0160959341
x(78) =    -0.7401628656
x(79) =    -0.7447102014
x(80) =     0.6584048005
x(81) =     0.1091321885
x(82) =    -0.5333788741
x(83) =    -0.6836871202
x(84) =     0.4980752129
x(85) =    -0.5544110474
x(86) =    -0.5213396955
x(87) =    -0.6487166803
x(88) =    -0.0308848011
x(89) =     0.5484025062
x(90) =     0.8356439656
x(91) =     0.7455838011
x(92) =    -0.6574840516
x(93) =    -0.1087176040
x(94) =    -0.3789580524
x(95) =     0.1203629517
x(96) =     0.9175530349
x(97) =     0.6589725442
x(98) =     0.7415056036
x(99) =     0.1261928915
x(100) =     0.4838805482
x(101) =    -0.6363165384
x(102) =    -0.6008002050
x(103) =     0.1815545126
x(104) =     0.3604702256
x(105) =    -0.9149312510
x(106) =     0.0436168612
x(107) =     0.7992361856
x(108) =    -0.5994323152
x(109) =     0.8525743320
x(110) =    -0.2408756476
x(111) =    -0.4637843675
x(112) =     0.5092642889
x(113) =     0.4683674857
x(114) =     0.7219984775
x(115) =    -0.9859612652
x(116) =     0.1588537423
x(117) =     0.0514380994
x(118) =     0.1702925258
x(119) =     0.0498437007
x(120) =     0.9841321449
x(121) =     0.5647974175
x(122) =     0.7088265900
x(123) =    -0.4225739723
x(124) =    -0.6580360892
x(125) =    -0.7475332023
x(126) =    -0.0904581700
x(127) =     0.8444590309
obj =     0.8444590309
infeas =         0.00
nonopt =         0.00
