modelstatus = 2
x(1) = 3.15659e-19
x(2) =  1.41421
x(3) =  1.41421
obj =  1.41421
