modelstatus = 2
x(1) = 0.592335
x(2) =  -0.711149
x(3) =  0.0628609
x(4) =  -2.6512
x(5) =  1.58351
x(6) =  4.02285
x(7) =  0.143651
x(8) =  1.92506
x(9) =  -0.0627396
x(10) =  -0.639144
x(11) =  0.598832
x(12) =  0.446017
x(13) =  1.28105
x(14) =  0.710143
x(15) =  -0.877572
x(16) =  -3.03455
x(17) =  -1.38626
x(18) =  0.740802
x(19) =  -7.11232
x(20) =  1.37452
x(21) =  3.57043
x(22) =  2.26549
x(23) =  2.56622
x(24) =  3.75489
x(25) =  -2.32668
x(26) =  1.21135
x(27) =  1.37251
x(28) =  2.31104
x(29) =  -0.736891
x(30) =  -0.475745
x(31) =  0.693688
x(32) =  -2.39904
x(33) =  3.80576
x(34) =  2.12254
x(35) =  -3.2014
x(36) =  1.10641
x(37) =  0.354961
x(38) =  -1.58134
x(39) =  -1.47643
x(40) =  4.30996
x(41) =  0.68171
x(42) =  2.35411
x(43) =  -1.03407
x(44) =  1.97802
x(45) =  -0.338272
x(46) =  -0.357895
x(47) =  -3.51781
x(48) =  -0.099787
x(49) =  -3.30414
x(50) =  1.19732
obj =  1175.47
