modelstatus =         2.00
x(1) =     0.0000000000
x(2) =     0.0000000000
x(3) =     0.3021163061
x(4) =     0.0000000000
x(5) =     0.0000000000
x(6) =     0.0000000000
x(7) =     0.0000000000
x(8) =     0.0000000000
x(9) =     0.0000000000
x(10) =     0.0000000000
x(11) =     0.0348666211
x(12) =     0.0000000000
x(13) =     0.0000000000
x(14) =     0.0000000000
x(15) =     0.6615969304
x(16) =     0.0000000000
x(17) =     0.0000000000
x(18) =     0.0000000000
x(19) =     0.0000000000
x(20) =     0.0000000000
x(21) =     0.0000000000
x(22) =     0.0000000000
x(23) =     0.0014201424
x(24) =     0.0000000000
obj =     0.0518143382
infeas =         0.00
nonopt =         0.00
