modelstatus =         4.00
x(1) =   704.4148000000
x(2) =    68.6000000000
x(3) =    93.2458412473
x(4) =   193.0000000000
x(5) =    25.0000000000
x(6) =   203.4458414443
x(7) =     9.2520000000
x(8) =    17.5056694614
x(9) =  1622.9570180819
x(10) =   143.9409571551
x(11) =    11.2751578953
x(12) =   214.2280000000
x(13) =  1557.6019323212
x(14) =  6860.0000196999
x(15) =   478.9116421047
x(16) =     0.7229443254
x(17) =   346.2264540265
x(18) =  -571.7296119218
x(19) =   557.6521817564
x(20) =     2.7410310385
x(21) =     0.1468278520
x(22) =     1.1880206489
x(23) =    81.4968999814
x(24) =   146.8030150850
x(25) =  -235.7065751119
x(26) =   -90.2914644207
x(27) = 21471.7936812562
x(28) =  -234.5280422363
x(29) =  2961.9985192237
x(30) =     7.2490899445
x(31) =  -265.1629637939
x(32) =  2931.3635976661
x(33) =   851.6264975187
x(34) =  7696.5860812640
x(35) =     0.3808654263
x(36) = -2.0477673246E+5
x(37) = -5.0086134981E+8
x(38) = 1.91867353170E+5
x(39) =   171.8030150850
x(40) =  2059.3485485791
x(41) =     0.8297768931
obj =    -2.5007617285
infeas =         0.00
nonopt =         0.00
