modelstatus = 2
x(1) = 6.81905e-18
x(2) =  3
x(3) =  4.66772e-18
x(4) =  4
obj =  -15
