modelstatus =         2.00
x(1) =     0.5000000000
x(2) =     0.3333333333
x(3) =     0.2500000000
x(4) =     0.2000000000
x(5) =     0.1666666667
x(6) =     0.1428571429
x(7) =     0.1250000000
x(8) =    -0.7687687688
obj =     6.1351351351
infeas =         0.00
nonopt =         0.00
