modelstatus =         2.00
x(1) =     1.1661721900
x(2) =     1.3802570433
x(3) =     1.5060362732
x(4) =     0.6109201965
x(5) =     1.1821113894
obj =     0.2415051288
infeas =         0.00
nonopt =         0.00
