modelstatus = -1
x(1) =    2315.0519454431742
x(2) =    -3336.6811108764987
x(3) =    2350.8953961758803
x(4) =    -971.40699669757589
x(5) =    227.35792980871653
x(6) =    -22.613042456985742
x(7) =    1.4379113699068717
x(8) =    -2311.1953738641027
obj =    7.0029016342661503
infeas = 0
nonopt = 0
