modelstatus = 2
x(1) = 0.422061
x(2) =  0.120131
x(3) =  -0.387868
x(4) =  -0.23053
x(5) =  0.322253
x(6) =  0.322253
x(7) =  -0.23053
x(8) =  -0.387868
x(9) =  0.120131
x(10) =  0.422061
x(11) =  0.23053
x(12) =  0.387868
x(13) =  0.422061
x(14) =  0.322253
x(15) =  0.120131
x(16) =  -0.120131
x(17) =  -0.322253
x(18) =  -0.422061
x(19) =  -0.387868
x(20) =  -0.23053
x(21) =  0.322253
x(22) =  0.422061
x(23) =  0.23053
x(24) =  -0.120131
x(25) =  -0.387868
x(26) =  -0.387868
x(27) =  -0.120131
x(28) =  0.23053
x(29) =  0.422061
x(30) =  0.322253
x(31) =  0.120131
x(32) =  0.23053
x(33) =  0.322253
x(34) =  0.387868
x(35) =  0.422061
x(36) =  0.422061
x(37) =  0.387868
x(38) =  0.322253
x(39) =  0.23053
x(40) =  0.120131
x(41) =  -0.23053
x(42) =  0.387868
x(43) =  -0.422061
x(44) =  0.322253
x(45) =  -0.120131
x(46) =  -0.120131
x(47) =  0.322253
x(48) =  -0.422061
x(49) =  0.387868
x(50) =  -0.23053
x(51) =  -0.322253
x(52) =  0.422061
x(53) =  -0.23053
x(54) =  -0.120131
x(55) =  0.387868
x(56) =  -0.387868
x(57) =  0.120131
x(58) =  0.23053
x(59) =  -0.422061
x(60) =  0.322253
x(61) =  -0.387868
x(62) =  0.322253
x(63) =  0.120131
x(64) =  -0.422061
x(65) =  0.23053
x(66) =  0.23053
x(67) =  -0.422061
x(68) =  0.120131
x(69) =  0.322253
x(70) =  -0.387868
x(71) =  0.422061
x(72) =  -0.120131
x(73) =  -0.387868
x(74) =  0.23053
x(75) =  0.322253
x(76) =  -0.322253
x(77) =  -0.23053
x(78) =  0.387868
x(79) =  0.120131
x(80) =  -0.422061
x(81) =  0.387868
x(82) =  0.322253
x(83) =  -0.120131
x(84) =  -0.422061
x(85) =  -0.23053
x(86) =  0.23053
x(87) =  0.422061
x(88) =  0.120131
x(89) =  -0.322253
x(90) =  -0.387868
x(91) =  -0.120131
x(92) =  0.23053
x(93) =  -0.322253
x(94) =  0.387868
x(95) =  -0.422061
x(96) =  0.422061
x(97) =  -0.387868
x(98) =  0.322253
x(99) =  -0.23053
x(100) =  0.120131
x(101) =  1.71537
x(102) =  0.317493
x(103) =  0.690279
x(104) =  0.0810141
x(105) =  3.68251
x(106) =  3.30972
x(107) =  2.83083
x(108) =  2.28463
x(109) =  1.16917
x(110) =  3.91899
obj =  5.60752e-14
