modelstatus =      2.00
x(1) =    88.11201828425402
x(2) =    -159.25178802432455
x(3) =    123.03911463492578
x(4) =    -64.743526973098355
x(5) =    24.845519265939796
x(6) =    -4.9741749865958429
x(7) =    0.39618752324619244
obj =    0.65268259437383325
infeas =         0.00
nonopt =         0.00
