modelstatus =         7.00
x(1) = 1.00000000000E+6
x(2) =     0.0000020000
obj =     0.0000000000
infeas =         0.00
nonopt =         1.00
