modelstatus =         2.00
x(1) =     4.9998700370
x(2) =     5.0001299630
x(3) =     2.5461950973
x(4) =     2.4536749397
x(5) =     0.1851277456
x(6) =     2.3610673516
x(7) =     0.1223600924
x(8) =     0.0627676532
x(9) =     0.1495007142
x(10) =    -0.0271406217
x(11) =     0.1495007142
x(12) =     2.4534286946
x(13) =     2.5467012684
x(14) =     2.4529801439
x(15) =     2.4541234903
x(16) =     2.2481273957
x(17) =     2.5659200998
x(18) =     2.2719674884
x(19) =     0.0389275605
x(20) =     2.2058321914
x(21) =     0.0389946753
x(22) =     2.3553329056
x(23) =     2.3614574049
x(24) =     0.1852438635
x(25) =     2.5647689788
x(26) =     2.2508119164
x(27) =     2.5634089784
x(28) =     2.5672801003
x(29) =     2.2782517145
x(30) =     0.3240848244
x(31) =     1.7021101707
x(32) =     0.6151362191
x(33) =     4.0574430763
x(34) =     0.0627986153
x(35) =     0.1224452482
x(36) =     0.0389272421
x(37) =     2.2746832897
x(38) =     0.3240444519
x(39) =     2.2821628904
x(40) =     0.3240299206
x(41) =     0.3240993557
x(42) =    -0.5402659046
x(43) =     1.4794320442
x(44) =     3.5171771717
x(45) =    -0.0271658524
x(46) =     0.1496111006
x(47) =     0.0390071074
x(48) =     2.2085103299
x(49) =     0.6151236385
x(50) =     1.7060463594
x(51) =     1.4793622726
x(52) =    -0.5401392783
x(53) =     1.4884258836
x(54) =     1.4703684332
x(55) =     5.0056030553
x(56) =     0.1496111006
x(57) =     2.3581214305
x(58) =     4.0641677898
x(59) =     3.5240285115
x(60) =     4.9943969447
x(61) =     1.0581248533
obj =    39.6262686231
infeas =         0.00
nonopt =         0.00
