modelstatus = 2
x(1) = 0.975144
x(2) =  13.875
x(3) =  0
x(4) =  0
x(5) =  0
x(6) =  0.975144
x(7) =  5.75605
x(8) =  4.45586
x(9) =  0
x(10) =  0
x(11) =  11.875
x(12) =  0.650096
x(13) =  0.650096
x(14) =  0
x(15) =  5.10595
x(16) =  0.975144
x(17) =  550
x(18) =  550
obj =  0
