modelstatus = 2
x(1) = 0.666667
x(2) =  0.666667
obj =  0.666667
