modelstatus =      2.00
x(1) =    -34.158416020852442
x(2) =    10.121168660697325
x(3) =    8.8191182468425211
x(4) =    1.3669474300039648
x(5) =    33.271372013299157
x(6) =    0.74374533193560644
obj =    0.055948838998514522
infeas =         0.00
nonopt =         0.00
