modelstatus = 2
x(1) = 1
x(2) =  1
x(3) =  1
x(4) =  1
x(5) =  1
x(6) =  1
x(7) =  1
x(8) =  1
x(9) =  -1
x(10) =  -1
x(11) =  -1
x(12) =  -1.46675e-05
x(13) =  -1.31168e-05
x(14) =  9.19477e-07
x(15) =  2.70766e-05
x(16) =  -0.000130994
x(17) =  2.6432e-05
x(18) =  -0.000101824
x(19) =  2.97769e-05
x(20) =  -0.000427023
x(21) =  -1.01368e-05
x(22) =  0.00023034
x(23) =  0.526
x(24) =  -2.09539e-05
x(25) =  0.51
x(26) =  -3.83217e-05
x(27) =  0.006
x(28) =  0.022
x(29) =  0.048
x(30) =  0.084
x(31) =  0.13
x(32) =  0.186
x(33) =  0.252
x(34) =  0.328
x(35) =  0.404
x(36) =  0.47
x(37) =  -7.33373e-08
x(38) =  -2.85596e-07
x(39) =  -5.58842e-07
x(40) =  -6.92107e-07
x(41) =  -1.34496e-06
x(42) =  -2.52062e-06
x(43) =  -4.07324e-06
x(44) =  -5.98609e-06
x(45) =  -9.88518e-06
x(46) =  -1.59701e-05
x(47) =  0.11
x(48) =  0.21
x(49) =  0.31
x(50) =  0.41
x(51) =  0.51
x(52) =  0.61
x(53) =  0.71
x(54) =  0.81
x(55) =  0.71
x(56) =  0.61
x(57) =  -1.46675e-06
x(58) =  -2.77843e-06
x(59) =  -2.68648e-06
x(60) =  2.11779e-08
x(61) =  -1.30782e-05
x(62) =  -1.0435e-05
x(63) =  -2.06174e-05
x(64) =  -1.76397e-05
x(65) =  -6.0342e-05
x(66) =  -6.13557e-05
obj =  -0.189542
