modelstatus = 0.00
X(1) = 	10.00000
X(2) = 	2.302584
X(3) = 	10.00000
X(4) = 	2.995732
X(5) = 	10.00000
X(6) = 	3.401196
X(7) = 	10.00000
X(8) = 	3.688878
X(9) = 	10.00000
X(10) = 	3.912022
X(11) = 	10.00000
X(12) = 	10.00000
X(13) = 	10.00000
X(14) = 	10.00000
X(15) = 	10.00000
X(16) = 	10.00000
X(17) = 	10.00000
X(18) = 	10.00000
X(19) = 	10.00000
X(20) = 	10.00000
X(21) = 	10.00000
X(22) = 	10.00000
X(23) = 	10.00000
X(24) = 	10.00000
X(25) = 	10.00000
X(26) = 	10.00000
X(27) = 	10.00000
X(28) = 	10.00000
X(29) = 	10.00000
X(30) = 	10.00000
X(31) = 	10.00000
X(32) = 	10.00000
X(33) = 	10.00000
X(34) = 	10.00000
X(35) = 	10.00000
X(36) = 	10.00000
X(37) = 	10.00000
X(38) = 	10.00000
X(39) = 	10.00000
X(40) = 	10.00000
X(41) = 	10.00000
X(42) = 	10.00000
X(43) = 	10.00000
X(44) = 	10.00000
X(45) = 	10.00000
X(46) = 	10.00000
X(47) = 	10.00000
X(48) = 	10.00000
X(49) = 	10.00000
X(50) = 	10.00000
X(51) = 	10.00000
X(52) = 	10.00000
X(53) = 	10.00000
X(54) = 	10.00000
X(55) = 	10.00000
X(56) = 	10.00000
X(57) = 	10.00000
X(58) = 	10.00000
X(59) = 	10.00000
X(60) = 	10.00000
X(61) = 	10.00000
X(62) = 	10.00000
X(63) = 	10.00000
X(64) = 	10.00000
X(65) = 	10.00000
X(66) = 	10.00000
X(67) = 	10.00000
X(68) = 	10.00000
X(69) = 	10.00000
X(70) = 	10.00000
X(71) = 	10.00000
X(72) = 	10.00000
X(73) = 	10.00000
X(74) = 	10.00000
X(75) = 	10.00000
X(76) = 	10.00000
X(77) = 	10.00000
X(78) = 	10.00000
X(79) = 	10.00000
X(80) = 	10.00000
X(81) = 	10.00000
X(82) = 	10.00000
X(83) = 	10.00000
X(84) = 	10.00000
X(85) = 	10.00000
X(86) = 	10.00000
X(87) = 	10.00000
X(88) = 	10.00000
X(89) = 	10.00000
X(90) = 	10.00000
X(91) = 	10.00000
X(92) = 	10.00000
X(93) = 	10.00000
X(94) = 	10.00000
X(95) = 	10.00000
X(96) = 	10.00000
X(97) = 	10.00000
X(98) = 	10.00000
X(99) = 	10.00000
X(100) = 	10.00000
X(101) = 	10.00000
X(102) = 	10.00000
X(103) = 	10.00000
X(104) = 	10.00000
X(105) = 	10.00000
X(106) = 	10.00000
X(107) = 	10.00000
X(108) = 	10.00000
X(109) = 	10.00000
X(110) = 	10.00000
X(111) = 	10.00000
X(112) = 	10.00000
X(113) = 	10.00000
X(114) = 	10.00000
X(115) = 	10.00000
X(116) = 	10.00000
X(117) = 	10.00000
X(118) = 	10.00000
X(119) = 	10.00000
X(120) = 	10.00000
obj = -723756.3
infeas =         0.00
nonopt =         0.00
