modelstatus =         2.00
x(1) =     3.6825072986
x(2) =    -0.2305302203
x(3) =    -0.3222522870
x(4) =     0.1201310722
x(5) =    -0.4220613411
x(6) =    -0.4220612718
x(7) =     0.3878686132
x(8) =     0.3878684122
x(9) =     0.3222526704
x(10) =     0.2305300008
x(11) =     0.1201311590
x(12) =     3.3097214846
x(13) =     0.3878686170
x(14) =     0.4220608578
x(15) =    -0.2305299350
x(16) =     0.1201312131
x(17) =    -0.1201311814
x(18) =    -0.3222530449
x(19) =     0.3222527055
x(20) =     0.4220612954
x(21) =     0.3878683740
x(22) =     0.2305300143
x(23) =     3.9189856416
x(24) =    -0.4220613401
x(25) =    -0.2305299534
x(26) =     0.3222527267
x(27) =     0.3878684001
x(28) =     0.3878683896
x(29) =    -0.1201309116
x(30) =    -0.1201311548
x(31) =     0.2305300253
x(32) =     0.4220613069
x(33) =     0.3222527056
x(34) =     2.2846296420
x(35) =     0.3222525253
x(36) =    -0.1201309245
x(37) =    -0.3878685170
x(38) =    -0.2305300915
x(39) =     0.2305299968
x(40) =     0.4220613352
x(41) =    -0.4220613078
x(42) =    -0.1201311483
x(43) =     0.3222527135
x(44) =     0.3878683754
x(45) =     1.7153703565
x(46) =    -0.1201308650
x(47) =     0.3878681677
x(48) =     0.4220614264
x(49) =    -0.3222526628
x(50) =    -0.3222526965
x(51) =    -0.2305303627
x(52) =    -0.2305299933
x(53) =    -0.3878683985
x(54) =     0.1201311795
x(55) =     0.4220612726
x(56) =     2.8308300727
x(57) =    -0.1201314230
x(58) =    -0.3878683594
x(59) =    -0.4220613593
x(60) =     0.3222527504
x(61) =    -0.3222526881
x(62) =    -0.2305296924
x(63) =     0.2305300089
x(64) =    -0.3878683850
x(65) =    -0.1201311823
x(66) =     0.4220612876
x(67) =     1.1691699738
x(68) =     0.3222527902
x(69) =     0.1201311751
x(70) =     0.3878683452
x(71) =     0.2305299406
x(72) =     0.2305300295
x(73) =     0.4220612938
x(74) =     0.4220612641
x(75) =    -0.1201311600
x(76) =    -0.3222526910
x(77) =     0.3878683997
x(78) =     0.6902785161
x(79) =    -0.4220611681
x(80) =     0.2305302911
x(81) =    -0.3222525852
x(82) =    -0.3878683538
x(83) =     0.3878684102
x(84) =    -0.1201315159
x(85) =     0.1201311539
x(86) =     0.2305300189
x(87) =    -0.4220612663
x(88) =     0.3222526947
x(89) =     0.3174929527
x(90) =     0.3878681823
x(91) =    -0.4220618440
x(92) =     0.2305299012
x(93) =    -0.1201311394
x(94) =    -0.1201311933
x(95) =    -0.3222522693
x(96) =    -0.3222526900
x(97) =     0.4220612695
x(98) =    -0.3878683800
x(99) =     0.2305300288
x(100) =     0.0810140435
x(101) =    -0.2305298873
x(102) =     0.3222531798
x(103) =    -0.1201310873
x(104) =     0.4220612241
x(105) =    -0.4220612631
x(106) =     0.3878681109
x(107) =    -0.3878683866
x(108) =     0.3222527191
x(109) =    -0.2305300308
x(110) =     0.1201311759
obj =     0.0000000000
infeas =         0.00
nonopt =         0.00
