modelstatus = 2
x(1) = 0.5
x(2) =  0.75
x(3) =  0.75
x(4) =  0.403146
x(5) =  0.397903
x(6) =  0.333333
x(7) =  0.444444
x(8) =  0.5
x(9) =  -4.07146e-16
x(10) =  0.198951
x(11) =  0.222222
x(12) =  0.0833333
x(13) =  3.69644e-37
x(14) =  0
x(15) =  3.73244e-37
x(16) =  2.43128e-39
x(17) =  6.01853e-36
obj =  0.0833333
