modelstatus =         2.00
x(1) =     0.0169204406
x(2) =     0.5831462853
x(3) =     0.0016842105
obj =     0.0000000000
infeas =         0.00
nonopt =         0.00
