modelstatus =         2.00
x(1) =     0.6861168341
x(2) =     0.5009794819
x(3) =     4.5327634017
x(4) =    12.7251273421
x(5) =     0.8433658564
x(6) =     0.0000534824
x(7) =     0.0743890825
x(8) =     0.3181786894
x(9) =     0.5007198506
x(10) =     0.5671953983
x(11) =     0.6288388308
x(12) =     0.7490871449
x(13) =     0.8767895829
x(14) =     0.9264009136
x(15) =     0.8624124570
x(16) =     0.7116869921
x(17) =     0.5281742339
x(18) =     0.3577458742
x(19) =     0.2240155592
x(20) =     0.1310887643
x(21) =     0.0723266844
x(22) =     0.0379025087
x(23) =     0.0189812257
x(24) =     0.0091303234
obj =     0.0089231761
infeas =         0.00
nonopt =         0.00
