modelstatus = 2
x(1) = 0.453275
x(2) =  -0.906592
x(3) =  0.616432
obj =  0.616432
