modelstatus =      2.00
x(1) =    17.322571094974535
x(2) =    0.016102967768912575
x(3) =    0.0014782262277482194
x(4) =    10.816206749355537
obj =    2265.9582182824329
infeas =         0.00
nonopt =         0.00
