modelstatus =         2.00
x(1) =   100.0000000000
x(2) =     0.0000000000
x(3) =     0.0000000000
x(4) =     0.0000000000
x(5) =     0.0000000000
x(6) =     0.0000000000
x(7) =     0.0000000000
x(8) =     0.0000000000
x(9) =     0.0000000000
x(10) =     0.0000000000
x(11) =     0.0000000000
x(12) =     0.0000000000
x(13) =     0.0000000000
x(14) =     0.0000000000
x(15) =     0.0000000000
x(16) =     0.0000000000
x(17) =     0.0000000000
x(18) =     0.0000000000
x(19) =     0.0000000000
x(20) =     0.0000000000
x(21) =     0.0000000000
x(22) =     0.0000000000
x(23) =     0.0000000000
x(24) =     0.0000000000
x(25) =     0.0000000000
x(26) =     0.0000000000
x(27) =     0.0000000000
x(28) =     0.0000000000
x(29) =     0.0000000000
x(30) =     0.0000000000
x(31) =     0.0000000000
x(32) =     0.0000000000
x(33) =     0.0000000000
x(34) =     0.0000000000
x(35) =     0.0000000000
x(36) =     0.0000000000
x(37) =     0.0000000000
x(38) =     0.0000000000
x(39) =     0.0000000000
x(40) =     0.0000000000
x(41) =     0.0000000000
x(42) =     0.0000000000
x(43) =     0.0000000000
x(44) =     0.0000000000
x(45) =     0.0000000000
x(46) =     0.0000000000
x(47) =     0.0000000000
x(48) =     0.0000000000
x(49) =     0.0000000000
x(50) =     0.0000000000
x(51) =     0.0000000000
x(52) =     0.0000000000
x(53) =     0.0000000000
x(54) =     0.0000000000
x(55) =     0.0000000000
x(56) =     0.0000000000
x(57) =     0.0000000000
x(58) =     0.0000000000
x(59) =     0.0000000000
x(60) =     0.0000000000
x(61) =     0.0000000000
x(62) =     0.0000000000
x(63) =     0.0000000000
x(64) =     0.0000000000
x(65) =     0.0000000000
x(66) =     0.0000000000
x(67) =     0.0000000000
x(68) =     0.0000000000
x(69) =     0.0000000000
x(70) =     0.0000000000
x(71) =     0.0000000000
x(72) =     0.0000000000
x(73) =     0.0000000000
x(74) =     0.0000000000
x(75) =     0.0000000000
x(76) =     0.0000000000
x(77) =     0.0000000000
x(78) =     0.0000000000
x(79) =     0.0000000000
x(80) =     0.0000000000
x(81) =     0.0000000000
x(82) =     0.0000000000
x(83) =     0.0000000000
x(84) =     0.0000000000
x(85) =     0.0000000000
x(86) =     0.0000000000
x(87) =     0.0000000000
x(88) =     0.0000000000
x(89) =     0.0000000000
x(90) =     0.0000000000
x(91) =     0.0000000000
x(92) =     0.0000000000
x(93) =     0.0000000000
x(94) =     0.0000000000
x(95) =     0.0000000000
x(96) =     0.0000000000
x(97) =     0.0000000000
x(98) =     0.0000000000
x(99) =     0.0000000000
x(100) =     0.0000000000
x(101) =    -1.0000000000
obj =  -100.0000000000
infeas =         0.00
nonopt =         0.00
