modelstatus =         1.00
x(1) =   194.7977715340
x(2) =   177.0386204070
x(3) =   185.9402394140
x(4) =   168.7651917190
obj =   727.5418230730
infeas =         0.00
nonopt =         0.00
