modelstatus = 2
x(1) = 4.44089e-16
x(2) =  0
x(3) =  5.55112e-17
obj =  0
