* GAMS-model launch.dag.gms written by dag2gams Converter at 29/03/2004 16:59:59
* University of Vienna
$offdigit;
 Set i/1*30/;
 Set j/1*25/;
 Equations objcon
con1
con2
con3
con4
con5
con6
con7
con8
con9
con10
con11
con12
con13
con14
con15
con16
con17
con18
con19
con20
con21
con22
con23
con24
con25
con26
con27
con28
con29
con30
;
Variables x(j), obj;
* Objective function (to be minimized) 
objcon.. obj =e= 1.6090899999999999e-06 * (0.001 * x('6'))**((- 0.14599999999999999)) + 
3.1136196000000002e-07 * (0.001 * x('6'))**(0.73599999999999999) + 
2.8287400000000004e-06 * (0.001 * x('6'))**(0.64800000000000002) + 
1.2092112000000001e-07 * (0.001 * x('6'))**((- 0.22900000000000001)) + 
1.6090899999999999e-06 * (0.001 * x('13'))**((- 0.14599999999999999)) + 
3.1136196000000002e-07 * (0.001 * x('13'))**(0.73599999999999999) + 
1.2092112000000001e-07 * (0.001 * x('13'))**((- 0.22900000000000001)) + 
2.8287400000000004e-06 * (0.001 * x('13'))**(0.64800000000000002) + 
1.8180600000000002e-06 * (0.001 * x('20'))**(0.53900000000000003) - 
2.2424514000000003e-09 * (0.01 * x('20'))**((- 1.3300000000000001)) + 
2.3257e-06 * (0.001 * x('20'))**(0.77200000000000002) + 
2.0708238000000003e-07 * (0.01 * x('20'))**(0.498) + 
2.5500000178500001e-08 * (0.0030000000000000001 * x('5') + 
0.0030000000000000001 * x('12') + 
0.0030000000000000001 * x('19'))**(0.46000000000000002) + 
6.4570846000000008e-09 * (x('1'))**(0.3322) * (x('3'))**((- 1.5934999999999999)) * (x('5'))**(0.23630000000000001) * (x('7'))**(0.1079) + 
6.4570846000000008e-09 * (x('8'))**(0.3322) * (x('10'))**((- 1.5934999999999999)) * (x('12'))**(0.23630000000000001) * (x('14'))**(0.1079) + 
4.9783214999999999e-09 * (x('15'))**(0.3322) * (x('17'))**((- 1.5934999999999999)) * (x('19'))**(0.23630000000000001) * (x('21'))**(0.1079) + 
5.2727700000000007e-05 * (x('1'))**(1.2781) * (x('2'))**((- 0.19589999999999999)) * (x('3'))**(2.4241999999999999) * (x('4'))**(0.38745000000000002) * (x('5'))**(0.99039999999999995) + 
5.2727700000000007e-05 * (x('8'))**(1.2781) * (x('9'))**((- 0.19589999999999999)) * (x('10'))**(2.4241999999999999) * (x('11'))**(0.38745000000000002) * (x('12'))**(0.99039999999999995) + 
5.2727700000000007e-05 * (x('15'))**(1.2781) * (x('16'))**((- 0.19589999999999999)) * (x('17'))**(2.4241999999999999) * (x('18'))**(0.38745000000000002) * (x('19'))**(0.99039999999999995) + 
2.5870000000000006e-12 * x('6') + 
2.5870000000000006e-12 * x('13') + 
1.9580000000000002e-11 * x('20') + 
4.7040096000000002e-07 * x('22') - 5.6401699999999994e-06;


con1.. x('18') - 
x('20') =e= 0;
con2.. -x('11') + 
5 * x('13') =e= 0;
con3.. -x('4') + 
5 * x('6') =e= 0;
con4.. -x('15') + 
0.69999999999999996 * x('16') =e= 0;
con5.. -x('8') + 
0.59999999999999998 * x('9') =e= 0;
con6.. 2 * x('1') - 
x('2') =e= 0;
con7..0.90000000000000002 * x('16') - 
x('18') + 
0.90000000000000002 * x('19') + 
0.90000000000000002 * x('22') =g= -18;
con8..0.69999999999999996 * x('16') - 
x('18') + 
0.69999999999999996 * x('19') + 
0.69999999999999996 * x('22') =l= -14;
con9..0.75 * x('9') - 
x('11') + 
0.75 * x('12') + 
0.75 * x('16') + 
0.75 * x('19') + 
0.75 * x('22') =g= -15;
con10..0.59999999999999998 * x('9') - 
x('11') + 
0.59999999999999998 * x('12') + 
0.59999999999999998 * x('16') + 
0.59999999999999998 * x('19') + 
0.59999999999999998 * x('22') =l= -12;
con11..1.3999999999999999 * x('2') - 
x('4') + 
1.3999999999999999 * x('5') + 
1.3999999999999999 * x('9') + 
1.3999999999999999 * x('12') + 
1.3999999999999999 * x('16') + 
1.3999999999999999 * x('19') + 
1.3999999999999999 * x('22') =g= -28;
con12..1.2 * x('2') - 
x('4') + 
1.2 * x('5') + 
1.2 * x('9') + 
1.2 * x('12') + 
1.2 * x('16') + 
1.2 * x('19') + 
1.2 * x('22') =l= -24;
con13..10 * x('16') - 
x('19') =g= 0;
con14..7 * x('16') - 
x('19') =l= 0;
con15..13 * x('9') - 
x('12') =g= 0;
con16..10 * x('9') - 
x('12') =l= 0;
con17..17 * x('2') - 
x('5') =g= 0;
con18..12 * x('2') - 
x('5') =l= 0;
con19.. -x('16') + 
20 * x('17') - 
x('22') + 
x('17') * x('22') =e= 20;
con20.. -x('9') + 
20 * x('10') - 
x('16') - 
x('19') - 
x('22') + 
x('10') * x('22') =e= 20;
con21.. -x('2') + 
20 * x('3') - 
x('9') - 
x('12') - 
x('16') - 
x('19') - 
x('22') + 
x('3') * x('22') =e= 20;
con22..(-32) * ((log(x('3')) * x('4') * x('23')) / x('5')) - 
32 * ((log(x('10')) * x('11') * x('24')) / x('12')) - 
32 * ((log(x('17')) * x('18') * x('25')) / x('19')) =g= 35000;
con23..(-32) * ((log(x('3')) * x('4') * x('23')) / x('5')) - 
32 * ((log(x('10')) * x('11') * x('24')) / x('12')) - 
32 * ((log(x('17')) * x('18') * x('25')) / x('19')) =l= 50000;
con24..375 * x('19') - 
x('18') * x('25') =g= 0;
con25..340 * x('19') - 
x('18') * x('25') =l= 0;
con26..290 * x('12') - 
x('11') * x('24') =g= 0;
con27..240 * x('12') - 
x('11') * x('24') =l= 0;
con28..290 * x('5') - 
x('4') * x('23') =g= 0;
con29..240 * x('5') - 
x('4') * x('23') =l= 0;
con30..(-1.6090899999999999e-06) * (0.001 * x('6'))**((- 0.14599999999999999)) - 
3.1136196000000002e-07 * (0.001 * x('6'))**(0.73599999999999999) - 
2.8287400000000004e-06 * (0.001 * x('6'))**(0.64800000000000002) - 
1.2092112000000001e-07 * (0.001 * x('6'))**((- 0.22900000000000001)) - 
1.6090899999999999e-06 * (0.001 * x('13'))**((- 0.14599999999999999)) - 
3.1136196000000002e-07 * (0.001 * x('13'))**(0.73599999999999999) - 
1.2092112000000001e-07 * (0.001 * x('13'))**((- 0.22900000000000001)) - 
2.8287400000000004e-06 * (0.001 * x('13'))**(0.64800000000000002) - 
1.8180600000000002e-06 * (0.001 * x('20'))**(0.53900000000000003) + 
2.2424514000000003e-09 * (0.01 * x('20'))**((- 1.3300000000000001)) - 
2.3257e-06 * (0.001 * x('20'))**(0.77200000000000002) - 
2.0708238000000003e-07 * (0.01 * x('20'))**(0.498) - 
2.5500000178500001e-08 * (0.0030000000000000001 * x('5') + 
0.0030000000000000001 * x('12') + 
0.0030000000000000001 * x('19'))**(0.46000000000000002) - 
6.4570846000000008e-09 * (x('7'))**(0.1079) * (x('1'))**(0.3322) * (x('3'))**((- 1.5934999999999999)) * (x('5'))**(0.23630000000000001) - 
6.4570846000000008e-09 * (x('14'))**(0.1079) * (x('8'))**(0.3322) * (x('10'))**((- 1.5934999999999999)) * (x('12'))**(0.23630000000000001) - 
4.9783214999999999e-09 * (x('21'))**(0.1079) * (x('15'))**(0.3322) * (x('17'))**((- 1.5934999999999999)) * (x('19'))**(0.23630000000000001) - 
5.2727700000000007e-05 * (x('2'))**((- 0.19589999999999999)) * (x('4'))**(0.38745000000000002) * (x('1'))**(1.2781) * (x('3'))**(2.4241999999999999) * (x('5'))**(0.99039999999999995) - 
5.2727700000000007e-05 * (x('9'))**((- 0.19589999999999999)) * (x('11'))**(0.38745000000000002) * (x('8'))**(1.2781) * (x('10'))**(2.4241999999999999) * (x('12'))**(0.99039999999999995) - 
5.2727700000000007e-05 * (x('16'))**((- 0.19589999999999999)) * (x('18'))**(0.38745000000000002) * (x('15'))**(1.2781) * (x('17'))**(2.4241999999999999) * (x('19'))**(0.99039999999999995) - 
2.5870000000000006e-12 * x('6') - 
2.5870000000000006e-12 * x('13') - 
1.9580000000000002e-11 * x('20') - 
4.7040096000000002e-07 * x('22') =l= -5.6401699999999994e-06;
x.lo('1')=1e-08;
x.up('1')=10000;
x.lo('2')=1e-08;
x.up('2')=10000;
x.lo('3')=0.25;
x.up('3')=0.29999999999999999;
x.lo('4')=1e-08;
x.up('4')=10000;
x.lo('5')=1e-08;
x.up('5')=10000;
x.lo('6')=1e-08;
x.up('6')=10000;
x.lo('7')=125;
x.up('7')=150;
x.lo('8')=1e-08;
x.up('8')=10000;
x.lo('9')=1e-08;
x.up('9')=10000;
x.lo('10')=0.23999999999999999;
x.up('10')=0.28999999999999998;
x.lo('11')=1e-08;
x.up('11')=10000;
x.lo('12')=1e-08;
x.up('12')=10000;
x.lo('13')=1e-08;
x.up('13')=10000;
x.lo('14')=75;
x.up('14')=100;
x.lo('15')=1e-08;
x.up('15')=10000;
x.lo('16')=1e-08;
x.up('16')=10000;
x.lo('17')=0.16;
x.up('17')=0.20999999999999999;
x.lo('18')=1e-08;
x.up('18')=10000;
x.lo('19')=1e-08;
x.up('19')=10000;
x.lo('20')=1e-08;
x.up('20')=10000;
x.lo('21')=50;
x.up('21')=70;
x.lo('22')=2.5;
x.up('22')=4;
x.lo('23')=1e-08;
x.up('23')=10000;
x.lo('24')=1e-08;
x.up('24')=10000;
x.lo('25')=1e-08;
x.up('25')=10000;
Model m/All/;
m.workspace = 32;
m.optfile = 1;options nlp=convert;
Solve m using nlp minimizing obj;
display x.l, obj.l;
  


