modelstatus =         4.00
x(1) =     0.0000016115
x(2) =     0.0000032330
x(3) =     0.3000000000
x(4) =    31.0818393715
x(5) =     0.0000549045
x(6) =     6.2163678743
x(7) =   125.0000000000
x(8) =     0.0000000100
x(9) =     0.0000932600
x(10) =     0.2900000000
x(11) =    15.1418795720
x(12) =     0.0009325996
x(13) =     3.0283759144
x(14) =    75.0000000000
x(15) =     0.0000000100
x(16) =     0.0000000100
x(17) =     0.2100000000
x(18) =    20.2500000076
x(19) =     0.0000000100
x(20) =    20.2500000076
x(21) =    50.0000000000
x(22) =     2.5000000000
x(23) =     0.0004260132
x(24) =     0.0178613155
x(25) =     0.0000000100
obj =     0.0000041053
infeas =         0.00
nonopt =         0.00
