modelstatus =         1.00
x(1) =   -21.0266522677
x(2) =   -36.7600087927
obj =     0.0000000000
infeas =         0.00
nonopt =         0.00
