modelstatus =         2.00
x(1) =     1.1048590185
x(2) =     1.1966741801
x(3) =     1.5352622609
obj =     0.0325682003
infeas =         0.00
nonopt =         0.00
