modelstatus =  -1.00
X(1) = 	10.00000
X(2) = 	0.000000
X(3) = 	10.00000
X(4) = 	0.000000
X(5) = 	10.00000
X(6) = 	0.000000
X(7) = 	10.00000
X(8) = 	0.000000
X(9) = 	10.00000
X(10) = 	0.000000
X(11) = 	16.01583
X(12) = 	17.26583
X(13) = 	18.51583
X(14) = 	19.76583
X(15) = 	21.01582
X(16) = 	22.26583
X(17) = 	23.51583
X(18) = 	24.76582
X(19) = 	26.01582
X(20) = 	27.26583
X(21) = 	28.51583
X(22) = 	29.76583
X(23) = 	31.01582
X(24) = 	32.26582
X(25) = 	33.51583
X(26) = 	34.76582
X(27) = 	36.01582
X(28) = 	37.26582
X(29) = 	38.51582
X(30) = 	39.76582
X(31) = 	41.01582
X(32) = 	42.26582
X(33) = 	43.51582
X(34) = 	44.76582
X(35) = 	46.01582
X(36) = 	47.26582
X(37) = 	48.51582
X(38) = 	49.76582
X(39) = 	51.01582
X(40) = 	52.26582
X(41) = 	53.51582
X(42) = 	54.76582
X(43) = 	56.01582
X(44) = 	57.26582
X(45) = 	58.51582
X(46) = 	59.76582
X(47) = 	61.01582
X(48) = 	62.26582
X(49) = 	63.51582
X(50) = 	64.76582
X(51) = 	66.01581
X(52) = 	67.26582
X(53) = 	68.51581
X(54) = 	69.76581
X(55) = 	71.01581
X(56) = 	72.26582
X(57) = 	73.51581
X(58) = 	74.76581
X(59) = 	76.01581
X(60) = 	77.26581
X(61) = 	78.51581
X(62) = 	79.76581
X(63) = 	81.01581
X(64) = 	82.26581
X(65) = 	83.51581
X(66) = 	84.76581
X(67) = 	86.01581
X(68) = 	87.26581
X(69) = 	88.51581
X(70) = 	89.76581
X(71) = 	91.01581
X(72) = 	92.26581
X(73) = 	93.51581
X(74) = 	94.76581
X(75) = 	96.01581
X(76) = 	97.26581
X(77) = 	98.51581
X(78) = 	99.76581
X(79) = 	101.0158
X(80) = 	102.2658
X(81) = 	103.5158
X(82) = 	104.7658
X(83) = 	106.0158
X(84) = 	107.2658
X(85) = 	108.5158
X(86) = 	109.7658
X(87) = 	111.0158
X(88) = 	112.2658
X(89) = 	113.5158
X(90) = 	114.7658
X(91) = 	116.0158
X(92) = 	117.2658
X(93) = 	118.5158
X(94) = 	119.7658
X(95) = 	121.0158
X(96) = 	122.2658
X(97) = 	123.5158
X(98) = 	124.7658
X(99) = 	126.0158
X(100) = 	127.2658
X(101) = 	128.5158
X(102) = 	129.7658
X(103) = 	131.0158
X(104) = 	132.2658
X(105) = 	133.5158
X(106) = 	134.7658
X(107) = 	136.0158
X(108) = 	137.2658
X(109) = 	138.5158
X(110) = 	139.7658
X(111) = 	141.0158
X(112) = 	142.2658
X(113) = 	143.5158
X(114) = 	144.7658
X(115) = 	146.0158
X(116) = 	147.2658
X(117) = 	148.5158
X(118) = 	149.7658
X(119) = 	151.0158
X(120) = 	-18.12666
obj = -3624600.
infeas =         0.00
nonopt =         0.00
