modelstatus =         2.00
x(1) =     1.1417744688
x(2) =     1.3036489327
obj =    -0.0401000000
infeas =         0.00
nonopt =         0.00
