modelstatus =         2.00
x(1) =     4.9709528802
x(2) =     1.2518287248
obj =     7.5575077689
infeas =         0.00
nonopt =         0.00
