modelstatus =         2.00
x(1) =     0.5000000000
x(2) =     1.5000000000
obj =     0.0820849986
infeas =         0.00
nonopt =         0.00
