modelstatus = 2
x(1) = 5.21984e-07
x(2) =  -1.20827e-06
x(3) =  -4.39145e-07
x(4) =  -1.28651e-07
x(5) =  -5.48762e-08
x(6) =  -7.40987e-08
x(7) =  -1.22498e-07
x(8) =  -1.73653e-07
x(9) =  -2.17504e-07
x(10) =  -2.51054e-07
x(11) =  -2.74271e-07
x(12) =  -2.88268e-07
x(13) =  -2.94498e-07
x(14) =  -2.94404e-07
x(15) =  -2.89281e-07
x(16) =  -2.80241e-07
x(17) =  -2.68207e-07
x(18) =  -2.53936e-07
x(19) =  -2.38042e-07
x(20) =  -2.21016e-07
x(21) =  -2.03252e-07
x(22) =  -1.85062e-07
x(23) =  -1.66693e-07
x(24) =  -1.48338e-07
x(25) =  -1.30147e-07
x(26) =  -1.12235e-07
x(27) =  -9.46909e-08
x(28) =  -7.75794e-08
x(29) =  -6.09482e-08
x(30) =  -4.48305e-08
x(31) =  -2.92482e-08
x(32) =  -1.42138e-08
x(33) =  2.6695e-10
x(34) =  1.41944e-08
x(35) =  2.75731e-08
x(36) =  4.0411e-08
x(37) =  5.27188e-08
x(38) =  6.45092e-08
x(39) =  7.57962e-08
x(40) =  8.65948e-08
x(41) =  9.69209e-08
x(42) =  1.0679e-07
x(43) =  1.1622e-07
x(44) =  1.25226e-07
x(45) =  1.33824e-07
x(46) =  1.42031e-07
x(47) =  1.49862e-07
x(48) =  1.57332e-07
x(49) =  1.64457e-07
x(50) =  1.71251e-07
obj =  1.80685e-11
