modelstatus =         2.00
x(1) =   -28.0792749260
x(2) =   -19.9570526710
x(3) =   -19.9570526710
x(4) =   -19.9570526710
x(5) =   -19.9570526710
x(6) =   -19.9570526710
x(7) =   -19.9570526710
x(8) =   -19.9570526710
x(9) =   -19.9570526710
x(10) =   -19.9570526710
x(11) =   -19.9570526710
x(12) =   -19.9570526710
x(13) =   -19.9570526710
x(14) =   -19.9570526710
x(15) =   -19.9570526710
x(16) =   -19.9570526710
x(17) =   -19.9570526710
x(18) =   -19.9570526710
x(19) =   -19.9570526710
x(20) =   -19.9570526710
x(21) =   -19.9570526710
x(22) =   -19.9570526710
x(23) =   -19.9570526710
x(24) =   -19.9570526710
x(25) =   -19.9570526710
x(26) =   -19.9570526710
x(27) =   -19.9570526710
x(28) =   -19.9570526710
x(29) =   -19.9570526710
x(30) =   -19.9570526710
x(31) =   -19.9570526710
x(32) =   -19.9570526710
x(33) =   -19.9570526710
x(34) =   -19.9570526710
x(35) =   -19.9570526710
x(36) =   -19.9570526710
x(37) =   -19.9570526710
x(38) =   -19.9570526710
x(39) =   -19.9570526710
x(40) =   -19.9570526710
x(41) =   -19.9570526710
x(42) =   -19.9570526710
x(43) =   -19.9570526710
x(44) =   -19.9570526710
x(45) =   -19.9570526710
x(46) =   -19.9570526710
x(47) =   -19.9570526710
x(48) =   -19.9570526710
x(49) =   -19.9570526710
x(50) =   -19.9570526710
x(51) =   -19.9570526710
x(52) =   -19.9570526710
x(53) =   -19.9570526710
x(54) =   -19.9570526710
x(55) =   -19.9570526710
x(56) =   -19.9570526710
x(57) =   -19.9570526710
x(58) =   -19.9570526710
x(59) =   -19.9570526710
x(60) =   -19.9570526710
x(61) =   -19.9570526710
x(62) =   -19.9570526710
x(63) =   -19.9570526710
x(64) =   -19.9570526710
x(65) =   -19.9570526710
x(66) =   -19.9570526710
x(67) =   -19.9570526710
x(68) =   -19.9570526710
x(69) =   -19.9570526710
x(70) =   -19.9570526710
x(71) =   -19.9570526710
x(72) =   -19.9570526710
x(73) =   -19.9570526710
x(74) =   -19.9570526710
x(75) =   -19.9570526710
x(76) =   -19.9570526710
x(77) =   -19.9570526710
x(78) =   -19.9570526710
x(79) =   -19.9570526710
x(80) =   -28.0792749260
x(81) =  -797.2837028929
obj =  -797.2837028929
infeas =         0.00
nonopt =         0.00
