modelstatus =         2.00
x(1) =    -1.7172264897
x(2) =     1.5958068890
x(3) =     1.8270901147
x(4) =    -0.7633800841
x(5) =    -0.7638894543
obj =     0.0539495097
infeas =         0.00
nonopt =         0.00
