modelstatus =         1.00
x(1) =    77.0000000000
x(2) =  1124.5200000000
x(3) =   158.0000000000
x(4) =    16.0000000000
x(5) =     0.0000000000
x(6) =   783.6500000000
x(7) =    11.0000000000
x(8) =    49.0000000000
x(9) =  2155.1700000000
x(10) =   252.0000000000
x(11) =    51.3800000000
x(12) =     0.0000000000
x(13) =     0.0000000000
x(14) =     0.0000000000
x(15) =     0.0000000000
x(16) =     0.0000000000
x(17) =     0.0000000000
x(18) =     2.8900000000
x(19) =     0.0000000000
x(20) =    17.1400000000
x(21) =     0.0000000000
x(22) =     0.0000000000
x(23) =     2.5800000000
x(24) =    21.9100000000
x(25) =     0.0000000000
x(26) =     0.0000000000
x(27) =     0.0000000000
x(28) =     0.0000000000
x(29) =     0.0000000000
x(30) =    77.0000000000
x(31) =  1189.7400000000
x(32) =   158.0000000000
x(33) =    16.0000000000
x(34) =     0.0000000000
x(35) =   796.6200000000
x(36) =    11.0000000000
x(37) =    49.0000000000
x(38) =  2203.3900000000
x(39) =   252.0000000000
x(40) =    32.0600000000
x(41) =     0.0000000000
x(42) =     4.2000000000
x(43) =     0.0000000000
x(44) =     4.2000000000
x(45) =     1.6100000000
x(46) =     1.6100000000
x(47) =     0.0000000000
x(48) =   566.4300000000
x(49) =   585.1900000000
x(50) =     0.0000000000
x(51) =     0.0000000000
x(52) =     0.0000000000
x(53) =    48.3700000000
x(54) =     0.0000000000
x(55) =     0.0000000000
x(56) =     0.0000000000
x(57) =     0.0000000000
x(58) =     0.0000000000
x(59) =    77.0000000000
x(60) =  1222.0800000000
x(61) =   158.0000000000
x(62) =    16.0000000000
x(63) =     0.0000000000
x(64) =   813.1400000000
x(65) =    11.0000000000
x(66) =    49.0000000000
x(67) =  1716.1300000000
x(68) =   252.0000000000
x(69) =    18.1300000000
x(70) =   140.2100000000
x(71) =   140.2100000000
x(72) =    18.1300000000
x(73) =   158.3400000000
x(74) =   122.2400000000
x(75) =   122.2400000000
x(76) =     0.0000000000
x(77) =     0.0000000000
x(78) =     6.0200000000
x(79) =     0.0000000000
x(80) =     0.0000000000
x(81) =     0.0000000000
x(82) =     0.0000000000
x(83) =     0.0000000000
x(84) =     0.0000000000
x(85) =   116.4300000000
x(86) =     0.0000000000
x(87) =     0.0000000000
x(88) =    77.0000000000
x(89) =  1100.0000000000
x(90) =   158.0000000000
x(91) =    16.0000000000
x(92) =     0.0000000000
x(93) =   700.0000000000
x(94) =    11.0000000000
x(95) =    49.0000000000
x(96) =  2000.0000000000
x(97) =   252.0000000000
obj =   -77.0000000000
infeas =         0.00
nonopt =         0.00
