modelstatus =         1.00
x(1) =     3.4152024067
x(2) =     3.4132129545
x(3) =     2.4152024067
x(4) =     1.0000000000
obj =    11.6568130966
infeas =         0.00
nonopt =         0.00
