modelstatus = 2
x(1) = 0
x(2) =  0
x(3) =  0
x(4) =  0
x(5) =  0
x(6) =  0
x(7) =  0
x(8) =  0
x(9) =  0
x(10) =  0.199432
x(11) =  0.293588
x(12) =  0.374267
x(13) =  0.417921
x(14) =  0.414135
x(15) =  0.364143
x(16) =  0.281814
x(17) =  0.190282
x(18) =  0
x(19) =  0
x(20) =  0.292362
x(21) =  0.441511
x(22) =  0.58608
x(23) =  0.661976
x(24) =  0.655063
x(25) =  0.566206
x(26) =  0.419579
x(27) =  0.276685
x(28) =  0
x(29) =  0
x(30) =  0.369978
x(31) =  0.58167
x(32) =  0.780337
x(33) =  0.881389
x(34) =  0.872185
x(35) =  0.753877
x(36) =  0.541263
x(37) =  0.346193
x(38) =  0
x(39) =  0
x(40) =  0.408546
x(41) =  0.649141
x(42) =  0.870852
x(43) =  0.983626
x(44) =  0.973355
x(45) =  0.841323
x(46) =  0.604047
x(47) =  0.381381
x(48) =  0
x(49) =  0
x(50) =  0.398448
x(51) =  0.630312
x(52) =  0.845593
x(53) =  0.955095
x(54) =  0.945122
x(55) =  0.81692
x(56) =  0.586526
x(57) =  0.372246
x(58) =  0
x(59) =  0
x(60) =  0.343364
x(61) =  0.527686
x(62) =  0.707916
x(63) =  0.799589
x(64) =  0.79124
x(65) =  0.683911
x(66) =  0.494182
x(67) =  0.322608
x(68) =  0
x(69) =  0
x(70) =  0.263294
x(71) =  0.388539
x(72) =  0.494624
x(73) =  0.551148
x(74) =  0.546283
x(75) =  0.481319
x(76) =  0.371339
x(77) =  0.250355
x(78) =  0
x(79) =  0
x(80) =  0.177281
x(81) =  0.256204
x(82) =  0.318549
x(83) =  0.351749
x(84) =  0.349079
x(85) =  0.311399
x(86) =  0.247153
x(87) =  0.169951
x(88) =  0
x(89) =  0
x(90) =  0
x(91) =  0
x(92) =  0
x(93) =  0
x(94) =  0
x(95) =  0
x(96) =  0
obj =  1.3979
