modelstatus = 2
x(1) = 9.10615
x(2) =  1.09816e-05
obj =  0
