modelstatus =      2.00
x(1) =    11.363634041103248
x(2) =    98.490273267640617
x(3) =    0.98282156707970636
x(4) =    0.14230599966496818
obj =    11754.602545349448
infeas =         0.00
nonopt =         0.00
