modelstatus =      2.00
x(1) =    -10.779075569402568
x(2) =    -15.373316401520812
x(3) =    13.652172794893042
x(4) =    -0.081952021243019813
x(5) =    22.427898484503661
x(6) =    0.74351741682002515
obj =    0.017160739452123097
infeas =         0.00
nonopt =         0.00
