modelstatus =         2.00
x(1) =    12.2665165080
x(2) =     6.7155099852
x(3) =     4.1027637067
x(4) =    -0.5857119825
x(5) =     0.3190307396
obj =     0.0233025730
infeas =         0.00
nonopt =         0.00
