modelstatus = 2
x(1) = 0.267993
x(2) =  1.15927e-20
x(3) =  0
x(4) =  0
x(5) =  0.405341
x(6) =  0
x(7) =  0
x(8) =  1.02423e-19
x(9) =  0.0159309
x(10) =  0.0563109
x(11) =  0.0765199
x(12) =  0.177904
obj =  0.0204863
