modelstatus = 2
x(1) = 0.178424
x(2) =  0.150685
obj =  0.178424
