modelstatus =         1.00
x(1) =    -0.7071069360
x(2) =     0.0000000000
x(3) =    -0.0000707107
x(4) =    -0.0000353553
x(5) =    -0.0000707107
x(6) =    -0.0000707107
x(7) =    -0.0000707107
x(8) =    -0.0000707107
x(9) =    -0.0000707107
x(10) =    -0.0000707107
x(11) =    54.5981498966
obj =    54.5981498966
infeas =         0.00
nonopt =         0.00
