modelstatus =         1.00
x(1) =    13.5501427233
x(2) =    51.6599710390
obj =    -7.8027896926
infeas =         0.00
nonopt =         0.00
