modelstatus =         2.00
x(1) =     1.2347728250
x(2) =     1.5246639295
obj =    -8.4984642232
infeas =         0.00
nonopt =         0.00
