modelstatus =         2.00
x(1) =     1.0000000000
x(2) =     2.0000000000
x(3) =     3.0000000000
x(4) =     4.0000000000
x(5) =     5.0000000000
obj =     1.0000000000
infeas =         0.00
nonopt =         0.00
