modelstatus = 2
x(1) = 1.02414e-05
x(2) =  3.08632e-07
obj =  9.87557e-11
