modelstatus =         2.00
x(1) =    50.0000221477
x(2) =    24.9999990528
x(3) =     1.5000001322
obj =     0.0000000000
infeas =         0.00
nonopt =         0.00
