modelstatus = 2
x(1) = 3.03601e-23
x(2) =  1.41421
x(3) =  1.41421
obj =  -4.58579
