modelstatus =      2.00
x(1) =    -11.886944291266877
x(2) =    -3.3414406581986156
x(3) =    12.765112462457642
x(4) =    -0.54390448729021357
x(5) =    10.1713105072826
x(6) =    0.47086232988028132
obj =    0.040606139411303581
infeas =         0.00
nonopt =         0.00
