modelstatus =         2.00
x(1) =    -0.7674418605
x(2) =     0.2558139535
x(3) =     0.6279069767
x(4) =    -0.1162790698
x(5) =     0.2558139535
obj =     4.0930232558
infeas =         0.00
nonopt =         0.00
