modelstatus =         2.00
x(1) =     4.0000000001
x(2) =     3.0000000000
x(3) =     2.0000000000
obj =     0.0000000000
infeas =         0.00
nonopt =         0.00
