modelstatus = 2
x(1) = 1.00476
x(2) =  1.00476
x(3) =  0.995187
obj =  8.402e-09
