modelstatus =      2.00
x(1) =    4.5431921145094289
x(2) =    -52.766897242634087
x(3) =    242.44852784493315
x(4) =    -561.47443004968875
x(5) =    718.39090707957928
x(6) =    -467.41225930280518
x(7) =    146.84851402832359
x(8) =    -17.643232356602748
obj =    0.60198567436201389
infeas =         0.00
nonopt =         0.00
