modelstatus =         1.00
x(1) =    -3.7208808024
x(2) =     2.2839886397
x(3) =     2.4368921627
obj =   -45.5105539030
infeas =         0.00
nonopt =         0.00
