modelstatus = 2
x(1) = 0.00524476
x(2) =  0.0114038
x(3) =  0.00629721
x(4) =  0.00592445
x(5) =  0.00912798
x(6) =  0.0125618
x(7) =  0.0107026
x(8) =  4.84459e-23
x(9) =  0.0205029
x(10) =  0.00949113
x(11) =  0.01113
x(12) =  0.0243702
x(13) =  0.0337719
x(14) =  0.0119989
x(15) =  0.0078607
x(16) =  0.0214115
x(17) =  0
x(18) =  0.0296075
x(19) =  4.97613e-23
x(20) =  0.0120776
x(21) =  0.00372303
x(22) =  0
x(23) =  0.00548284
x(24) =  0.0338173
x(25) =  0.0167767
x(26) =  0.0338252
x(27) =  0.0263303
x(28) =  0.0123011
x(29) =  0.00780121
x(30) =  0.00724277
x(31) =  0.016493
x(32) =  0
x(33) =  0
x(34) =  0.00193143
x(35) =  0
x(36) =  0.0226479
x(37) =  0
x(38) =  0.00719368
x(39) =  0
x(40) =  0.00198846
x(41) =  0.00721766
x(42) =  0.00574418
x(43) =  3.44328e-24
x(44) =  4.18795e-23
x(45) =  6.28169e-23
x(46) =  0.00109367
x(47) =  0.0110916
x(48) =  1.22543e-22
x(49) =  0.0385566
x(50) =  0.00281162
x(51) =  0
x(52) =  0.000250969
x(53) =  0.0147209
x(54) =  0
x(55) =  0.000719073
x(56) =  0.0707412
x(57) =  0.0766433
x(58) =  0.000129854
x(59) =  0.000345441
x(60) =  0.0326676
x(61) =  0.0496753
x(62) =  0
x(63) =  0.00323157
x(64) =  0.00982412
x(65) =  0
x(66) =  0.00221208
x(67) =  0.0118358
x(68) =  0.0126592
x(69) =  2.05809e-23
x(70) =  0.0029633
x(71) =  0
x(72) =  0.000242649
x(73) =  0.00919695
x(74) =  0.000466365
x(75) =  0.00488951
x(76) =  0.0751452
x(77) =  0.0324693
x(78) =  0.0689391
x(79) =  0.00535945
x(80) =  0
x(81) =  0.00487209
x(82) =  0.00169764
x(83) =  0.00054697
x(84) =  5.32905e-23
x(85) =  6.68272e-23
obj =  0.035013
