modelstatus =         2.00
x(1) =     0.3754100521
x(2) =    -1.4646871372
x(3) =     1.9358469133
x(4) =     0.0221226997
x(5) =     0.0128675346
obj =     0.0000546489
infeas =         0.00
nonopt =         0.00
