modelstatus =         2.00
x(1) =     0.5000000000
x(2) =     0.0000000000
x(3) =     0.5000000000
obj =     4.2500000000
infeas =         0.00
nonopt =         0.00
