modelstatus =         1.00
x(1) =    10.2263063293
x(2) =    20.4526220383
x(3) =    49.0752289782
x(4) =    27.5394301174
x(5) =    60.0000000000
obj =   -49.0752289782
infeas =         0.00
nonopt =         0.00
