modelstatus = 2
x(1) = 0.974216
x(2) =  0.448432
x(3) =  0.255981
x(4) =  0.146864
x(5) =  0.0710801
x(6) =  0.0119628
x(7) =  -0.0376307
x(8) =  -0.0812718
x(9) =  -0.120945
x(10) =  -0.15784
obj =  4.63415
