modelstatus =      2.00
x(1) =    -0.041690174988322073
x(2) =    1.0082800894139297
x(3) =    2.0683618298340471
x(4) =    4.2561585085580091
x(5) =    6.0069279412776604
x(6) =    5.2748929744648381
x(7) =    7.2288297891447417
x(8) =    10.492134710978567
x(9) =    9.5611859759607434
x(10) =    9.1031609825873137
x(11) =    6.2836186753778351
x(12) =    0.9360286718343348
x(13) =    -0.50552701569251424
x(14) =    0.19836456374080008
x(15) =    2.0465555255230155
x(16) =    -0.023886315538014732
x(17) =    1.3147800461789318
x(18) =    0.37132836683364562
x(19) =    0.52206805033910719
x(20) =    0.79945342498516414
x(21) =    0.55785120620392548
x(22) =    0.78012778620857426
x(23) =    1.3764353071309268
x(24) =    0.33802981411973732
x(25) =    1.5535458115644096
x(26) =    0.24237660663989122
x(27) =    1.2618432464927543
x(28) =    0.39991828418438474
x(29) =    0.54393617002010353
x(30) =    0.78764296915855325
x(31) =    0.57059871686218588
x(32) =    0.7732431562666835
x(33) =    1.1408092191488424
x(34) =    0.46528590857617597
x(35) =    1.2126018425854417
x(36) =    0.42651240540611063
obj =    0.45090499154511227
infeas =         0.00
nonopt =         0.00
