modelstatus =         2.00
x(1) =     0.0000000000
x(2) =     2.0000000000
x(3) =     0.0000000000
obj =     2.0000000000
infeas =         0.00
nonopt =         0.00
