modelstatus = 2
x(1) = 9.77695e-07
x(2) =  2.65293e-06
x(3) =  1
obj =  7.2018e-12
