modelstatus =      2.00
x(1) =    9.8174744238796539
x(2) =    -42.475169913406056
x(3) =    68.457950767965414
x(4) =    -62.935353549164837
x(5) =    46.729675867120434
x(6) =    -21.072510384854425
x(7) =    5.0890427567104712
x(8) =    -0.50137215376979694
obj =    0.01953763911036412
infeas =         0.00
nonopt =         0.00
