modelstatus =         2.00
x(1) =     2.9508076416
x(2) =     1.9166359099
x(3) =    -0.6679036015
x(4) =     4.2689109579
x(5) =     1.0282670894
x(6) =    -0.6249376109
x(7) =     1.4470432319
obj =   678.7547273926
infeas =         0.00
nonopt =         0.00
