modelstatus =         1.00
x(1) =     0.6179176117
x(2) =     0.3280973024
x(3) =     0.0539863057
obj = -2.6272522173E+4
infeas =         0.00
nonopt =         0.00
