modelstatus =         2.00
x(1) =     0.0000000002
x(2) =     0.0000000038
obj =     0.1823215568
infeas =         0.00
nonopt =         0.00
