modelstatus = 0.00
X(1) = 	-11.59442
X(2) = 	13.20362
X(3) = 	-0.4034404
X(4) = 	0.2367786
obj = 85822.20
infeas =         0.00
nonopt =         0.00
