modelstatus =      2.00
x(1) =    9.6844737995164571
x(2) =    -47.476119215728197
x(3) =    89.438422287862608
x(4) =    -95.909914565038378
x(5) =    75.132429325951207
x(6) =    -34.608972996549809
x(7) =    8.4150720653438604
x(8) =    -0.82975943970966182
obj =    0.05031069615594886
infeas =         0.00
nonopt =         0.00
