modelstatus =         2.00
x(1) =    -0.0084852087
x(2) =    -0.0084851069
obj =    -0.0084852087
infeas =         0.00
nonopt =         1.00
