modelstatus =         1.00
x(1) =     0.8037731579
x(2) =     0.8999857706
x(3) =     0.9711328343
x(4) =     0.1000000000
x(5) =     0.1908131261
x(6) =     0.4619149767
x(7) =   574.0775251860
x(8) =    74.0775251864
x(9) =   500.0162221940
x(10) =     0.1000000000
x(11) =    20.2330774334
x(12) =    77.3477180327
x(13) =     0.0067104184
obj =    97.5875058845
infeas =         0.00
nonopt =         0.00
