modelstatus = 2
x(1) = 6.93889e-18
x(2) =  -0
obj =  2.40741e-34
