modelstatus = 2
x(1) = 3.65046
x(2) =  3.65046
x(3) =  4.62042
obj =  0.953529
