modelstatus = 0.00
X(1) = 	0.5424678
X(2) = 	0.5290214
X(3) = 	0.5084492
X(4) = 	0.4802689
X(5) = 	0.4512363
X(6) = 	0.4091831
X(7) = 	0.3527879
X(8) = 	0.000000
X(9) = 	-1933.577
X(10) = 	-7914.968
X(11) = 	-18466.55
X(12) = 	-20064.32
X(13) = 	-17465.57
X(14) = 	20333.71
X(15) = 	100000.0
X(16) = 	0.000000
X(17) = 	-154.6861
X(18) = 	-323.8252
X(19) = 	-98.23829
X(20) = 	34.32782
X(21) = 	69.62207
X(22) = 	770.3619
X(23) = 	1000.000
obj = -0.8310799E+09
infeas =         0.00
nonopt =         0.00
