modelstatus =         2.00
x(1) =    -0.5471975352
x(2) =    -1.5471975357
obj =    -1.9132229550
infeas =         0.00
nonopt =         0.00
