modelstatus = 2
x(1) = 1
x(2) =  4.11707e-08
x(3) =  -5.64848e-10
x(4) =  1.1544e-08
x(5) =  5.78633e-09
x(6) =  -2.20776e-09
x(7) =  -4.27779e-09
x(8) =  -4.54186e-09
x(9) =  -8.87591e-09
x(10) =  1.19027e-09
x(11) =  -4.11707e-08
x(12) =  1
x(13) =  -1.90908e-08
x(14) =  3.48569e-09
x(15) =  -1.45299e-08
x(16) =  -1.68789e-09
x(17) =  1.27277e-08
x(18) =  -2.87192e-09
x(19) =  -5.89912e-09
x(20) =  -4.14581e-11
x(21) =  4.54186e-09
x(22) =  2.87192e-09
x(23) =  1.81846e-09
x(24) =  5.53352e-09
x(25) =  -1.15249e-08
x(26) =  -6.03462e-09
x(27) =  -5.89481e-08
x(28) =  1
x(29) =  5.02341e-09
x(30) =  1.39554e-08
x(31) =  1.19027e-09
x(32) =  -4.1458e-11
x(33) =  -1.75747e-09
x(34) =  -4.23296e-10
x(35) =  -3.4004e-09
x(36) =  9.34463e-09
x(37) =  -8.46971e-09
x(38) =  1.39554e-08
x(39) =  -1.61987e-08
x(40) =  -1
x(41) =  4.27779e-09
x(42) =  -1.27277e-08
x(43) =  -7.92453e-09
x(44) =  5.00378e-09
x(45) =  -2.003e-08
x(46) =  7.76802e-08
x(47) =  1
x(48) =  5.89481e-08
x(49) =  -4.96956e-09
x(50) =  -8.46971e-09
x(51) =  -1.1544e-08
x(52) =  -3.48569e-09
x(53) =  -6.79445e-08
x(54) =  1
x(55) =  4.80732e-08
x(56) =  2.42423e-08
x(57) =  -5.00378e-09
x(58) =  -5.53352e-09
x(59) =  -3.39713e-09
x(60) =  -4.23296e-10
x(61) =  8.87591e-09
x(62) =  5.89912e-09
x(63) =  -4.29779e-09
x(64) =  3.39713e-09
x(65) =  -1.43452e-08
x(66) =  2.25535e-08
x(67) =  4.96956e-09
x(68) =  -5.02341e-09
x(69) =  1
x(70) =  -1.61987e-08
x(71) =  5.78633e-09
x(72) =  -1.45299e-08
x(73) =  -4.58127e-09
x(74) =  4.80732e-08
x(75) =  -1
x(76) =  -1.41443e-08
x(77) =  -2.003e-08
x(78) =  -1.15249e-08
x(79) =  -1.43452e-08
x(80) =  3.4004e-09
x(81) =  -5.64847e-10
x(82) =  -1.90908e-08
x(83) =  -1
x(84) =  -6.79445e-08
x(85) =  4.58127e-09
x(86) =  -5.25485e-09
x(87) =  -7.92453e-09
x(88) =  1.81846e-09
x(89) =  -4.29779e-09
x(90) =  1.75747e-09
x(91) =  2.20776e-09
x(92) =  1.68789e-09
x(93) =  -5.25485e-09
x(94) =  -2.42423e-08
x(95) =  -1.41443e-08
x(96) =  1
x(97) =  -7.76802e-08
x(98) =  6.03461e-09
x(99) =  -2.25535e-08
x(100) =  9.34463e-09
x(101) =  1
x(102) =  2
x(103) =  8
x(104) =  10
x(105) =  7
x(106) =  4
x(107) =  9
x(108) =  5
x(109) =  3
x(110) =  6
obj =  5.84123e-14
