modelstatus =         2.00
x(1) =    -1.0000000000
x(2) =    -0.0000000055
x(3) =    -0.0000000017
x(4) =     0.0000000000
obj =     2.4142135624
infeas =         0.00
nonopt =         0.00
