modelstatus = 2
x(1) = 0.184127
x(2) =  1.20217
x(3) =  3.32732
obj =  0.518163
