modelstatus = 2
x(1) = 4.16334e-17
x(2) =  0
obj =  3.46667e-33
