modelstatus = 0.00
X(1) = 	0.1808987E-01
X(2) = 	-0.1526959E-03
X(3) = 	-0.3247399E-03
X(4) = 	-0.3426445E-03
X(5) = 	-0.8200403E-03
X(6) = 	0.5845578E-04
X(7) = 	0.3707729E-03
X(8) = 	0.7614678E-03
X(9) = 	0.1476813E-03
X(10) = 	0.7530518E-03
X(11) = 	-0.2983063E-03
X(12) = 	-0.5810696E-03
X(13) = 	-0.1983773E-03
X(14) = 	-0.2405553E-03
X(15) = 	-0.3793134E-04
X(16) = 	0.2686067E-03
X(17) = 	0.4255071E-03
X(18) = 	0.4715278E-03
X(19) = 	0.1395301E-03
X(20) = 	0.5020209E-03
X(21) = 	-0.6812400E-04
X(22) = 	0.4095496E-03
X(23) = 	0.6116896E-03
X(24) = 	0.6520778E-03
X(25) = 	0.1539972E-03
X(26) = 	0.1673080E-03
X(27) = 	-0.2736647E-03
X(28) = 	-0.3568667E-03
X(29) = 	-0.7031423E-03
X(30) = 	-0.5671274E-03
X(31) = 	-0.5357775E-03
X(32) = 	-0.7958193E-03
X(33) = 	-0.2881401E-03
X(34) = 	-0.1753205E-03
X(35) = 	-0.4520646E-03
X(36) = 	-0.1998496E-03
X(37) = 	-0.2977035E-03
X(38) = 	-0.6322793E-03
X(39) = 	-0.1973471E-03
X(40) = 	-0.4924021E-04
X(41) = 	-0.2554927E-03
X(42) = 	0.8735407E-04
X(43) = 	0.2877064E-03
X(44) = 	-0.1122450E-03
X(45) = 	-0.4165702E-04
X(46) = 	0.3738545E-03
X(47) = 	0.8605463E-04
X(48) = 	-0.1223290E-03
X(49) = 	0.2731518E-03
X(50) = 	0.2598636E-03
X(51) = 	-0.9077069E-04
X(52) = 	0.1683734E-03
X(53) = 	0.6490953E-03
X(54) = 	0.7376287E-03
X(55) = 	0.9081130E-03
X(56) = 	0.1321684E-02
X(57) = 	0.1257361E-02
X(58) = 	0.1035085E-02
X(59) = 	0.1157579E-02
X(60) = 	0.9296663E-03
X(61) = 	0.3180262E-03
X(62) = 	0.1428081E-03
X(63) = 	0.3471257E-03
X(64) = 	0.4438164E-03
X(65) = 	0.6011594E-03
X(66) = 	0.7745936E-03
X(67) = 	0.9316312E-03
X(68) = 	0.1484396E-02
X(69) = 	0.1803540E-02
X(70) = 	0.1432430E-02
X(71) = 	0.1552239E-02
X(72) = 	0.2127357E-02
X(73) = 	0.1860832E-02
X(74) = 	0.2072698E-02
X(75) = 	0.3025885E-02
X(76) = 	0.2661494E-02
X(77) = 	0.2420862E-02
X(78) = 	0.3770175E-02
X(79) = 	0.4115443E-02
X(80) = 	0.4342764E-02
X(81) = 	0.5631659E-02
X(82) = 	0.6112980E-02
X(83) = 	0.8392020E-02
X(84) = 	0.1064647E-01
X(85) = 	0.1171017E-01
X(86) = 	0.1531690E-01
X(87) = 	0.1710931E-01
X(88) = 	0.2092537E-01
X(89) = 	0.2474007E-01
X(90) = 	0.2919052E-01
X(91) = 	0.3642636E-01
X(92) = 	0.4237690E-01
X(93) = 	0.5475007E-01
X(94) = 	0.6836352E-01
X(95) = 	0.8891449E-01
X(96) = 	0.1149885
X(97) = 	0.1595595
X(98) = 	0.2351003
X(99) = 	0.4061788
X(100) = 	0.4259462
obj = 97096.08
infeas =         0.00
nonopt =         0.00
