modelstatus =         2.00
x(1) =    -0.9654790067
x(2) =     0.0635529825
x(3) =    -0.0579260453
x(4) =     0.0614667304
x(5) =    -0.0108611903
x(6) =    -0.0500000000
x(7) =     0.1000000000
x(8) =     0.0000000000
x(9) =    -0.6777662882
x(10) =    -0.0548882569
x(11) =    -0.1420012864
x(12) =     0.0104862521
x(13) =     0.0593448386
x(14) =     0.6777662887
x(15) =     0.0548882567
x(16) =     0.1420012866
x(17) =    -0.0104862512
x(18) =    -0.0593448378
obj =     0.0000000000
infeas =         0.00
nonopt =         0.00
