modelstatus = 2
x(1) = 0.339857
x(2) =  0.42117
x(3) =  0.592882
x(4) =  0.57955
x(5) =  0.577933
x(6) =  0.439694
x(7) =  0.336434
x(8) =  0.719015
x(9) =  0.492446
x(10) =  0.465231
x(11) =  0.387466
x(12) =  0.312025
x(13) =  0.37342
x(14) =  0.430424
x(15) =  0.430143
x(16) =  64.9899
x(17) =  78.4486
x(18) =  93.2271
x(19) =  19.5636
x(20) =  19.4993
x(21) =  103.596
x(22) =  113.594
x(23) =  19.6926
x(24) =  281.463
x(25) =  39.7426
x(26) =  37.3432
x(27) =  25.8536
x(28) =  67.0215
x(29) =  70.4078
x(30) =  19.7463
obj =  1.72012
