modelstatus =         1.00
x(1) =    32.4192110259
x(2) =     4.5603383097
x(3) =    30.1390418711
x(4) =     2.7411165887
x(5) =    20.6879252824
x(6) =    32.2892715679
x(7) =     4.6636751635
x(8) =    29.9574339862
x(9) =     2.9297070727
x(10) =    20.3177269134
x(11) =    32.3911963056
x(12) =     4.5889508488
x(13) =    30.0967208812
x(14) =     2.9467316197
x(15) =    20.4399892616
x(16) =    32.3225552949
x(17) =     4.4972176244
x(18) =    30.0739464827
x(19) =     2.7512848511
x(20) =    20.6126616317
x(21) =    32.4616424009
x(22) =     4.6827801748
x(23) =    30.1202523134
x(24) =     2.8058656753
x(25) =    20.6043866382
x(26) =    32.5039234925
x(27) =     4.6958044243
x(28) =    30.1560212804
x(29) =     2.8216294620
x(30) =    20.6243918183
x(31) = 2.02969370597E+5
x(32) =   152.1604042390
x(33) = 2.77950181991E+5
x(34) =   188.7931159810
x(35) =  2638.2795926100
x(36) =   192.6285122520
x(37) = 60019.4018434000
x(38) =   204.3548707490
x(39) = 19561.1859052000
x(40) =   247.4007314480
x(41) = 2.02795210193E+5
x(42) =    58.4344528372
x(43) = 2.77912549279E+5
x(44) =   189.3927641920
x(45) =  2637.4441963400
x(46) =   196.7520444740
x(47) = 59980.4754849000
x(48) =   196.3961585680
x(49) = 19569.6400445000
x(50) =   215.9805758840
x(51) = 2.02780775740E+5
x(52) =    74.0020216517
x(53) = 2.77943590968E+5
x(54) =   189.0572867590
x(55) =  2638.0849160500
x(56) =   199.1620489920
x(57) = 59993.3313709000
x(58) =   199.0055492770
x(59) = 19603.5556272000
x(60) =   198.6350301180
x(61) = 2.02695773719E+5
x(62) =    51.8480531154
x(63) = 2.77888535703E+5
x(64) =   186.3657354560
x(65) =  2637.9801538200
x(66) =   192.1527286350
x(67) = 60011.4878706000
x(68) =   202.7228441980
x(69) = 19642.9261463000
x(70) =   190.9533201090
x(71) = 2.02767925666E+5
x(72) =    40.2717040493
x(73) = 2.78000018020E+5
x(74) =   191.8119255980
x(75) =  2638.1931606400
x(76) =   194.6473883510
x(77) = 60010.6177550000
x(78) =   202.5438436560
x(79) = 19671.8956704000
x(80) =   242.6345464090
x(81) = 2.02854653962E+5
x(82) =   -36.7166358921
x(83) = 2.78023477799E+5
x(84) =   192.5791720140
x(85) =  2638.3576978900
x(86) =   195.6572772960
x(87) = 60012.7212997000
x(88) =   202.9767335520
x(89) = 19662.0049677000
x(90) =   326.9957960320
obj = 3.50524781126E+5
infeas =         0.00
nonopt =         0.00
