modelstatus =         2.00
x(1) =     1.0909000000
x(2) =     1.0909000000
x(3) =     1.0690363129
x(4) =   113.2039460999
x(5) =   408.0682575399
x(6) =     0.6670123047
x(7) =     1.0223843263
x(8) =     0.2282855008
x(9) =     0.1848200775
x(10) =     0.1064088231
x(11) =     0.9943234056
x(12) =    -0.3323437703
x(13) =     0.9431585763
x(14) =     0.4308171810
x(15) =     0.9024394784
obj =  5055.0082214816
infeas =         0.00
nonopt =         0.00
