modelstatus = 2
x(1) = 1
x(2) =  4.74297
x(3) =  3.82119
x(4) =  1.3794
obj =  17.014
