modelstatus = 2
x(1) = 1.86589e-06
x(2) =  -0.0369627
x(3) =  50
obj =  50
