modelstatus =         2.00
x(1) =     0.9999999949
x(2) =     1.9999999953
x(3) =    -1.0000000077
x(4) =     2.9999999964
x(5) =    -4.0000000233
obj =     0.0000000000
infeas =         0.00
nonopt =         0.00
