modelstatus = -1
x(1) =    1.3099761599373376
x(2) =    0.59943034274432949
x(3) =    0.43155234725269709
x(4) =    0.63366122127529712
x(5) =    0.7541801413165331
x(6) =    4.8236863786302253
x(7) =    0.90429305732302989
x(8) =    1.3658138886144482
x(9) =    5.6753412156332859
x(10) =    2.3986857946117217
x(11) =    4.5688742246993428
obj =    0.040137736298610067
infeas = 0
nonopt = 0
