modelstatus =         2.00
x(1) =     4.3941085472
x(2) =     0.8544661760
x(3) =     2.8432330278
x(4) =     3.3999410643
x(5) =     0.7229219936
x(6) =     0.8703991996
x(7) =     0.0246392764
obj =   543.6669154113
infeas =         0.00
nonopt =         0.00
