modelstatus = 2
x(1) = 1.13507e-05
x(2) =  -7.47108e-07
x(3) =  2.58008e-06
x(4) =  -2.54875e-06
x(5) =  9.5207e-06
obj =  1.23452e-11
