modelstatus =         2.00
x(1) =     9.4999999982
x(2) =     9.5000000014
x(3) =     0.5000000008
x(4) =     6.4999999991
x(5) =    -5.4999999978
x(6) =     0.5000000014
x(7) =    -8.5000000025
x(8) =    -8.5000000008
x(9) =     0.4999999993
x(10) =    -5.4999999990
x(11) =     6.4999999986
x(12) =     0.4999999999
x(13) =     0.4999999994
x(14) =     0.4999999992
x(15) =     7.5000000001
x(16) =     0.4999999995
x(17) =     0.4999999994
x(18) =    -6.5000000008
x(19) =    -3.5606979607
x(20) =     0.0048417239
x(21) =    -4.1631630731
x(22) =     3.5355209953
x(23) =    -0.3262342197
x(24) =    -0.0256117337
x(25) =    -3.8595096527
x(26) =     1.6070642561
x(27) =    -2.2575045107
obj =     0.0000000000
infeas =         0.00
nonopt =         0.00
