modelstatus =         2.00
x(1) =     1.4598615589
x(2) =     0.0000000005
x(3) =     0.0808900606
x(4) =    -0.8111130825
obj =     5.7443849103
infeas =         0.00
nonopt =         0.00
