modelstatus =         2.00
x(1) =     1.5000000000
x(2) =     0.5000000000
x(3) =     0.5000000000
obj =     0.2500000000
infeas =         0.00
nonopt =         0.00
