modelstatus =         2.00
x(1) =     0.0000000000
x(2) =     0.9999999940
x(3) =     0.9999990004
obj =    75.0049000369
infeas =         0.00
nonopt =         0.00
