modelstatus =         2.00
x(1) =     1.2869318973
x(2) =     1.4802353052
x(3) =     1.3794544747
x(4) =     1.3219481459
x(5) =     0.6287182228
obj =     0.2770447888
infeas =         0.00
nonopt =         0.00
