modelstatus = 2
x(1) = 0.385716
x(2) =  0.128568
x(3) =  6.12846e-06
x(4) =  0
x(5) =  2.76242e-06
x(6) =  2.30202e-06
obj =  0.192857
