modelstatus = 2
x(1) = 0.170657
x(2) =  0
x(3) =  2.45059e-22
x(4) =  0
x(5) =  0.330563
x(6) =  0.0859613
x(7) =  0
x(8) =  0
x(9) =  0
x(10) =  0.173254
x(11) =  0.0895592
x(12) =  0.150006
obj =  0.026307
