modelstatus =      2.00
x(1) =    -0.7306141513983655
x(2) =    0.12427748625074905
x(3) =    -0.66103605446888658
x(4) =    19.076569177690565
x(5) =    92.334472378635908
x(6) =    -111.41749212052582
x(7) =    247.69333063338794
x(8) =    -225.70020092453373
x(9) =    -21.992207413825462
obj =    0.75181115150817701
infeas =         0.00
nonopt =         0.00
