modelstatus = 2
x(1) = 2.00001
x(2) =  -2.91811e-06
x(3) =  1
x(4) =  -3.5574e-07
x(5) =  3.8999e-08
x(6) =  -2.16121e-09
x(7) =  3.42135e-08
x(8) =  -2.20278e-07
x(9) =  -4.2568e-08
x(10) =  3.96386e-08
x(11) =  1.10093e-07
x(12) =  0.999998
x(13) =  0.999998
x(14) =  4.57663e-06
x(15) =  8.78066e-06
x(16) =  -4.8969e-07
x(17) =  -1.00294e-06
x(18) =  2.55266e-07
x(19) =  -5.48208e-07
x(20) =  4.89948e-07
x(21) =  5.55435e-07
x(22) =  -4.83683e-08
x(23) =  3
x(24) =  -1.24369e-05
x(25) =  8.87315e-07
x(26) =  1
x(27) =  1.03836e-06
x(28) =  -2.725e-06
x(29) =  7.97024e-07
x(30) =  -5.70578e-06
x(31) =  2.18425e-07
x(32) =  6.30657e-07
x(33) =  -1.67985e-06
x(34) =  9.99998
x(35) =  -1.98328e-06
x(36) =  4.93769e-08
x(37) =  -3.55664e-06
x(38) =  3.31555e-07
x(39) =  -1
x(40) =  7.30921e-06
x(41) =  -4.71997e-05
x(42) =  -1.20899e-06
x(43) =  -8.19505e-06
x(44) =  -8.40734e-06
x(45) =  4
x(46) =  -1.42154e-06
x(47) =  -9.74421e-07
x(48) =  -9.20226e-06
x(49) =  4.24688e-07
x(50) =  5.83882e-05
x(51) =  2.04341e-05
x(52) =  -1
x(53) =  -6.15258e-06
x(54) =  -7.9204e-05
x(55) =  -2.02187e-05
x(56) =  7.99999
x(57) =  -1.52629e-06
x(58) =  -3.40011e-07
x(59) =  -1.2544e-06
x(60) =  -7.56272e-06
x(61) =  -1.21666e-05
x(62) =  -1.52281e-05
x(63) =  -9.44827e-05
x(64) =  5.41566e-06
x(65) =  1
x(66) =  -2.13992e-05
x(67) =  4.99999
x(68) =  2.68674e-07
x(69) =  -7.40901e-07
x(70) =  3.87785e-06
x(71) =  -1.67118e-05
x(72) =  -1.43743e-05
x(73) =  -4.11069e-06
x(74) =  -2.81553e-05
x(75) =  7.97802e-05
x(76) =  2.48201e-05
x(77) =  1
x(78) =  9.00001
x(79) =  -8.82608e-07
x(80) =  -5.6371e-07
x(81) =  -2.12636e-06
x(82) =  -2.32179e-05
x(83) =  1.44113e-05
x(84) =  1
x(85) =  3.2358e-05
x(86) =  -0.000526066
x(87) =  2.01535e-05
x(88) =  4.79642e-06
x(89) =  6
x(90) =  -2.06615e-06
x(91) =  6.82146e-08
x(92) =  -5.23916e-07
x(93) =  0.000634174
x(94) =  -2.79587e-06
x(95) =  0.000590843
x(96) =  -1.10732e-05
x(97) =  0.999999
x(98) =  -8.10277e-06
x(99) =  -0.000102155
x(100) =  6.99999
x(101) =  -2.24183e-06
x(102) =  1.79694e-07
x(103) =  3.43902e-06
x(104) =  -1
x(105) =  -8.53916e-07
x(106) =  -2.85199e-05
x(107) =  -9.8898e-07
x(108) =  0.000703954
x(109) =  -1.2421e-05
x(110) =  -2.38496e-05
obj =  1.06246e-08
