modelstatus =         1.00
x(1) =    -2.1190398764
x(2) =     3.2105368221
x(3) =     5.3268866265
obj =  -143.6461425330
infeas =         0.00
nonopt =         0.00
