modelstatus =         2.00
x(1) =     0.0398473517
x(2) =     0.7919831605
x(3) =     0.2028703299
x(4) =     0.8443579203
x(5) =     1.2699064591
x(6) =     0.9347387034
x(7) =     1.6819619692
x(8) =     0.1553008633
x(9) =     1.5678703330
x(10) =     0.0000000000
x(11) =     0.0000000000
x(12) =     0.0000000000
x(13) =     0.6602040589
x(14) =     0.0000000000
x(15) =     0.6742559252
x(16) =     0.0000000000
obj =   244.8996975168
infeas =         0.00
nonopt =         0.00
