modelstatus =         7.00
x(1) =     0.5386924316
x(2) =     0.1238604119
x(3) =     0.0000000000
x(4) =     0.3374471464
x(5) =     0.0000000000
x(6) =     0.0000000000
x(7) =     0.0000000000
x(8) =     0.0000000000
x(9) =     0.0000000000
obj =  6155.2515825653
infeas =         0.00
nonopt =         0.00
