modelstatus = 2
x(1) = 0.999993
x(2) =  0.999983
x(3) =  0.999964
x(4) =  0.999912
obj =  1.13719e-10
