modelstatus = 2
x(1) = 4.00001
x(2) =  2.82842
x(3) =  2
obj =  -22.6274
