modelstatus =         2.00
x(1) =     2.0000000000
x(2) =     0.0000000003
x(3) =    -0.0000000001
x(4) =     2.0000000000
x(5) =     0.0000000000
x(6) =     0.0000000000
x(7) =     0.0000000000
obj =   -95.9600000000
infeas =         0.00
nonopt =         0.00
