modelstatus = -1
x(1) =    75.015967767775294
x(2) =    -109.34585060298335
x(3) =    46.713981106257641
x(4) =    -6.0399797270747948
x(5) =    0.97296721759343907
x(6) =    -0.086429974512758148
x(7) =    13.39128512525118
x(8) =    4.4565925649046498
obj =    0.00083526826868285126
infeas = 0
nonopt = 0
