modelstatus =         1.00
x(1) = -1.000000000E+51
x(2) = -1.000000000E+51
x(3) = -1.000000000E+51
x(4) = -1.000000000E+51
x(5) = -1.000000000E+51
x(6) = -1.000000000E+51
obj =     0.0000000000
infeas =         0.00
nonopt =         0.00
