modelstatus = 0.00
X(1) = 	0.5111082E-01
X(2) = 	-0.4288901
X(3) = 	776.1563
X(4) = 	925.1979
obj = 5174.410
infeas =         0.00
nonopt =         0.00
