modelstatus =         2.00
x(1) =   363.0000000000
x(2) =     0.0000000000
x(3) =     0.0000000000
x(4) =     0.0000000000
x(5) =     0.0000000000
x(6) =  1353.7836052017
x(7) =    71.0024061719
x(8) =     0.0000000000
x(9) =  1372.0000000000
x(10) =     0.0000000000
x(11) =   170.9999999987
x(12) =     0.0000000000
x(13) =     0.0000000000
x(14) =   302.0000000000
x(15) =     0.0000000000
x(16) =     0.0000000000
x(17) =     0.0000000000
x(18) =     0.0000000000
x(19) =     0.0000000000
x(20) =   222.9696037832
x(21) =   191.5267493503
x(22) =   100.5036468665
x(23) =   201.4279062710
x(24) =   181.4654797352
x(25) =   165.1042078205
x(26) =    71.0024061732
x(27) =   747.8594720631
x(28) =   619.1773747704
x(29) =   577.9144047843
x(30) =     0.0000000000
x(31) =   153.1019015810
x(32) =   644.9468468012
x(33) =   501.1300616501
x(34) =   133.9227155281
x(35) =    76.9472228218
x(36) =     0.0000000000
x(37) =   299.2881279373
x(38) =   146.7094658907
x(39) =    71.0024061719
x(40) =    69.0609566044
x(41) =     0.0000000000
x(42) =     0.0000000000
x(43) =    61.9390433956
x(44) =     0.0000000000
x(45) =   203.0499915966
x(46) =   146.7094658907
x(47) =   190.7344894729
x(48) =    71.0024061732
x(49) =   100.5036468665
x(50) =   149.2696817242
x(51) =    65.6998857619
x(52) =   141.4321777994
x(53) =    52.5982547145
x(54) =     7.0001288427
x(55) =     0.3402035027
x(56) =     0.0000000000
x(57) =     9.5460816335
x(58) =     7.1962573964
x(59) =     4.6596676546
x(60) =     0.0000000000
x(61) =     0.0000000000
x(62) =     0.0000000000
x(63) =     0.0000000000
x(64) =     0.0000000000
x(65) =     5.0900049825
x(66) =     0.0000000000
x(67) =     1.3639133840
x(68) =     5.8658223998
x(69) =     3.2136652122
x(70) =     1.8006729931
x(71) =     5.5576298398
x(72) =     0.3659521588
x(73) =     6.0584338293
x(74) =     3.6238289855
x(75) =     2.3197759600
x(76) =     0.9979612252
x(77) =    12.2555172478
x(78) =    12.7506217556
x(79) =    11.3216673291
x(80) =     8.6721936675
x(81) =     9.8875122523
x(82) =     4.2724556583
x(83) =     1.8400320894
x(84) =     0.6694950704
x(85) =     3.7024259030
x(86) =     0.6280790266
x(87) =     0.0000000000
x(88) =     0.0000000000
x(89) =    -1.3460552834
x(90) =     0.0000000000
x(91) =   -90.0000000000
x(92) =    -5.5781431250
x(93) =   -24.3645442504
x(94) =     1.1901639344
x(95) =     0.0000000000
x(96) =     0.1553222552
x(97) =     0.0000000000
x(98) =     0.0000000000
x(99) =     0.0000000000
x(100) =     0.0000000000
x(101) =     0.0000000000
x(102) =     0.8238570947
x(103) =     0.0000000000
x(104) =     0.1696668327
x(105) =     0.0000000000
x(106) =    13.8141184204
x(107) =     1.0893793109
x(108) =     3.0539604892
x(109) =     0.8788899780
x(110) =     1.3665583217
x(111) =     1.1333886005
x(112) =     2.2822111093
x(113) =     1.3861442655
x(114) =     0.6253589819
x(115) =     0.0000000000
x(116) =     0.0000000000
x(117) =     0.0000000000
x(118) =     0.6253589819
x(119) =     3.5135322715
x(120) =     0.0000000000
x(121) =     0.5753621129
x(122) =     0.0000000000
x(123) =     2.0000000000
x(124) =     2.0140210291
x(125) =     0.0000000000
x(126) =     0.3249890879
x(127) =     0.0000000000
x(128) =     7.6312191027
x(129) =     0.6077772620
x(130) =     6.3181364772
x(131) =     0.4257728021
x(132) =     0.6704069976
x(133) =     1.3984228440
x(134) =     5.8970857631
x(135) =     0.0558292468
x(136) =     0.7245143487
x(137) =     0.9344200673
x(138) =     1.5622643018
x(139) =     0.1212367452
x(140) =    14.0000000000
x(141) =     0.0000000000
x(142) =     7.9676770774
x(143) =     0.0000000000
obj = 1.27182587292E+6
infeas =         0.00
nonopt =         0.00
