modelstatus =         2.00
x(1) =     2.0000000498
x(2) =     2.9999999611
x(3) =     1.9999999712
obj =     0.0000000000
infeas =         0.00
nonopt =         0.00
