modelstatus =         2.00
x(1) =    -0.8270596358
x(2) =    -0.2672398598
x(3) =     0.2672570854
x(4) =     0.5215276071
x(5) =     0.3787650198
x(6) =    -0.0000164550
x(7) =    -0.3787791937
x(8) =    -0.5215082726
x(9) =    -0.2672305582
x(10) =     0.2672399272
x(11) =     0.8270237021
x(12) =     5.2355029472
x(13) =     5.9608925725
x(14) =     4.7290463312
x(15) =     0.3563641036
x(16) =    -3.2116158502
x(17) =    -4.3640136464
x(18) =    -3.2112411265
x(19) =     0.3566595482
x(20) =     4.7288947401
x(21) =     5.9605149675
x(22) =     5.2351605296
x(23) =     0.0000000000
x(24) =    -0.0500000000
x(25) =    -0.0500000000
x(26) =    -0.0118859855
x(27) =     0.0315123712
x(28) =     0.0500000000
x(29) =     0.0315097283
x(30) =    -0.0118882846
x(31) =    -0.0500000000
x(32) =    -0.0500000000
x(33) =     0.0000000000
obj =   337.7722321939
infeas =         0.00
nonopt =         0.00
