modelstatus = 2
x(1) = 0.84853
x(2) =  1.13137
x(3) =  2
x(4) =  2.00001
obj =  13.8579
