modelstatus =         2.00
x(1) =    -0.9264269921
x(2) =    -0.3084906682
x(3) =     2.0000000000
obj =    -1.4293067536
infeas =         0.00
nonopt =         0.00
