modelstatus =         1.00
x(1) =    81.1916340065
x(2) =    69.1579052108
obj =   -62.0538693754
infeas =         0.00
nonopt =         0.00
