modelstatus = 2
x(1) = 8.36698e-07
x(2) =  0.999999
x(3) =  2
x(4) =  -1
obj =  -44
