modelstatus =         2.00
x(1) =    -1.1426691178
x(2) =     1.2456257768
x(3) =    -1.3520878343
x(4) =     2.0000000000
obj =    16.7059684329
infeas =         0.00
nonopt =         0.00
