modelstatus =         2.00
x(1) =     3.1994751778
x(2) =    -1.0178189835
x(3) =    -0.7583997917
obj =     0.0000000662
infeas =         0.00
nonopt =         0.00
