modelstatus = 2
x(1) = 0.822876
x(2) =  0.911438
obj =  1.39346
