modelstatus =  -1.00
X(1) = 	0.000000
X(2) = 	7.875090
X(3) = 	0.000000
X(4) = 	7.875090
X(5) = 	0.000000
X(6) = 	5.132723
X(7) = 	5.305530
X(8) = 	0.000000
X(9) = 	0.000000
X(10) = 	5.144321
X(11) = 	0.000000
X(12) = 	5.144319
X(13) = 	0.4921095E-01
X(14) = 	0.000000
X(15) = 	0.000000
X(16) = 	5.155146
X(17) = 	0.000000
X(18) = 	5.155146
X(19) = 	0.000000
X(20) = 	5.155146
X(21) = 	87.12491
X(22) = 	87.12491
X(23) = 	13.86728
X(24) = 	85.57737
X(25) = 	85.54496
X(26) = 	13.85568
X(27) = 	13.85568
X(28) = 	85.51465
X(29) = 	13.84485
X(30) = 	13.84485
X(31) = 	13.84485
obj = 0.4528500
infeas =         0.00
nonopt =         0.00
