modelstatus = 2
x(1) = 1.64671
x(2) =  1.37427e-22
x(3) =  2.16744
x(4) =  1.27061e-31
x(5) =  2.85285
x(6) =  0
x(7) =  2.667
x(8) =  1.088
x(9) =  0.433436
x(10) =  2.333
x(11) =  0.353292
x(12) =  1
x(13) =  2.16556
x(14) =  1.667
x(15) =  2.667
x(16) =  2
x(17) =  2.667
x(18) =  2.667
x(19) =  2.667
x(20) =  2.333
x(21) =  0
x(22) =  0.646708
x(23) =  1.10901e-25
x(24) =  1.0023e-24
x(25) =  0.646708
x(26) =  1.92815e-32
x(27) =  0
x(28) =  1
x(29) =  7.16366e-25
x(30) =  0.501443
x(31) =  0
x(32) =  7.93044e-25
x(33) =  0.147151
x(34) =  1.02317e-31
x(35) =  1.15689e-31
x(36) =  3.333
x(37) =  5.78445e-32
x(38) =  3.8563e-32
x(39) =  0
x(40) =  1.61745e-25
x(41) =  1.05135e-31
x(42) =  1.5322e-22
x(43) =  6.57176e-26
x(44) =  3
x(45) =  3.2349e-25
x(46) =  4.70234e-25
x(47) =  0
x(48) =  6.47672e-25
x(49) =  3.59081e-32
x(50) =  0
x(51) =  8.02538e-25
x(52) =  1.579
x(53) =  9.53955e-32
x(54) =  0
x(55) =  2.89378e-32
x(56) =  3.8589e-32
x(57) =  0
x(58) =  1.89956
x(59) =  3.8563e-32
x(60) =  0
obj =  53.037
