modelstatus =      2.00
x(1) =    15.031527095550841
x(2) =    0.15458693385224589
x(3) =    0.0067848591324479622
x(4) =    5.7545666726151241
obj =    3651.0987412121772
infeas =         0.00
nonopt =         0.00
