modelstatus =         2.00
x(1) =     0.0000000994
x(2) =    -0.0000024914
obj =     0.0000000000
infeas =         0.00
nonopt =         0.00
