modelstatus = 2
x(1) = 0
x(2) =  1.00118e-20
x(3) =  0
x(4) =  0
x(5) =  0.0033233
x(6) =  0
obj =  0.0156195
