modelstatus = 2
x(1) = 0.000633823
x(2) =  1.62492e-17
x(3) =  2.71828
obj =  2.71828
