modelstatus =         2.00
x(1) =    24.0080532803
x(2) =    11.9981246603
x(3) =    11.9980464873
obj = -3456.0566808100
infeas =         0.00
nonopt =         0.00
