modelstatus =         2.00
x(1) =    34.7649768561
x(2) =     1.0528898651
x(3) =     0.1095375637
x(4) =     0.0956515388
x(5) =     0.0722049062
x(6) =     0.1093015136
x(7) =     0.0545788229
x(8) =     0.1094771736
x(9) =     0.1450574909
x(10) =     0.1334330707
x(11) =     0.0910262559
x(12) =     0.0800533887
x(13) =     0.1066935305
x(14) =     0.1103651471
x(15) =     0.1164323433
x(16) =     0.1172065127
x(17) =     0.1002232635
x(18) =     0.3330873671
x(19) =     0.3813375807
x(20) =     0.1443657490
x(21) =     0.0757065709
x(22) =     0.1973214829
x(23) =     0.1217165979
x(24) =     0.0972512619
x(25) =     0.0798561344
x(26) =     0.0602401020
x(27) =     0.1359068295
x(28) =     0.0848793756
x(29) =     0.1051962685
x(30) =     0.0425531991
x(31) =     0.1016093014
x(32) =     0.1092435382
x(33) =     0.1082848364
x(34) =     0.0383903877
x(35) =     0.0792407083
x(36) =     0.0598338663
x(37) =     0.1034598303
x(38) =     0.0947748242
x(39) =     0.0693002474
x(40) =     0.0827394098
x(41) =     0.0533966346
x(42) =     0.0890244621
x(43) =     0.0862247210
x(44) =     0.1060913844
x(45) =     0.0621768591
x(46) =     0.0831914450
x(47) =     0.1070155088
x(48) =     0.0979480118
x(49) =     0.2591227488
x(50) =     0.1027882445
obj =    39.9041539201
infeas =         0.00
nonopt =         0.00
