modelstatus =         2.00
x(1) =     1.0099763902
x(2) =     0.0000000000
obj =     0.9801467479
infeas =         0.00
nonopt =         1.00
