modelstatus = 2
x(1) = 2.38923e-20
x(2) =  1.6263e-19
obj =  2.38923e-20
