modelstatus = 2
x(1) = 9.71445e-17
x(2) =  -0
obj =  9.43706e-33
