modelstatus = 2
x(1) = 1
x(2) =  1
x(3) =  2.79992e-17
obj =  2.79992e-17
