modelstatus =         2.00
x(1) =    -0.0000099837
x(2) =    -0.0000000372
x(3) =     0.0000000000
obj =     0.0000000000
infeas =         0.00
nonopt =         0.00
