modelstatus =         2.00
x(1) =    -3.2023119873
x(2) =    -1.9123667869
x(3) =    -0.2444268015
x(4) =    -6.5611418882
x(5) =    -0.7230977816
x(6) =    -7.2742561437
x(7) =    -3.5972450766
x(8) =    -4.0203091845
x(9) =    -3.2883776398
x(10) =    -2.3343699517
obj =   -47.7610908635
infeas =         0.00
nonopt =         0.00
