modelstatus =         1.00
x(1) =    -1.7172611019
x(2) =     1.5958469125
x(3) =     1.8270253886
x(4) =    -0.7642404557
x(5) =    -0.7630217975
obj =    -2.9197059261
infeas =         0.00
nonopt =         0.00
