modelstatus =         1.00
x(1) =   108.7306344740
x(2) =    85.0590021395
x(3) =   204.4274792980
obj =  6299.8375411800
infeas =         0.00
nonopt =         0.00
