modelstatus = 2
x(1) = 1
x(2) =  -1.72277e-06
obj =  -0.999999
