modelstatus =         2.00
x(1) =     0.8340324457
x(2) =     2.3025850930
x(3) =    10.0000000000
obj =    -0.8340324457
infeas =         0.00
nonopt =         0.00
