modelstatus = -1
x(1) =    -191.33553926476495
x(2) =    340.95089073436696
x(3) =    -128.1769963683769
x(4) =    61.140207459093581
x(5) =    -12.757662754177545
x(6) =    4.1632927160620197
x(7) =    1.9303171952216509
x(8) =    822.08760694462012
obj =    0.027915115260992933
infeas = 0
nonopt = 0
