modelstatus = 2
x(1) = 0.85965
x(2) =  0.234731
x(3) =  0.14829
x(4) =  0.108695
x(5) =  0.0858518
x(6) =  0.0709625
x(7) =  0.060482
x(8) =  0.0527024
x(9) =  0.0466979
x(10) =  0.0419226
x(11) =  0.0380339
x(12) =  0.0348058
x(13) =  0.0320829
x(14) =  0.0297554
x(15) =  0.0277428
x(16) =  0.0259853
x(17) =  0.0244373
x(18) =  0.0230634
x(19) =  0.0218357
x(20) =  0.0207322
x(21) =  0.0197349
x(22) =  0.0188291
x(23) =  0.0180029
x(24) =  0.0172461
x(25) =  0.0165504
x(26) =  0.0159086
x(27) =  0.0153148
x(28) =  0.0147637
x(29) =  0.0142509
x(30) =  0.0137725
x(31) =  0.0133252
x(32) =  0.012906
x(33) =  0.0125124
x(34) =  0.0121422
x(35) =  0.0117931
x(36) =  0.0114636
x(37) =  0.0111521
x(38) =  0.010857
x(39) =  0.0105771
x(40) =  0.0103113
x(41) =  0.0100585
x(42) =  0.0098178
x(43) =  0.00958837
x(44) =  0.00936941
x(45) =  0.00916023
x(46) =  0.00896019
x(47) =  0.0087687
x(48) =  0.00858523
x(49) =  0.00840927
x(50) =  0.00824038
x(51) =  0.00807814
x(52) =  0.00792217
x(53) =  0.00777211
x(54) =  0.00762762
x(55) =  0.00748841
x(56) =  0.00735419
x(57) =  0.0072247
x(58) =  0.00709969
x(59) =  0.00697893
x(60) =  0.00686221
x(61) =  0.00674933
x(62) =  0.00664011
x(63) =  0.00653436
x(64) =  0.00643193
x(65) =  0.00633266
x(66) =  0.00623641
x(67) =  0.00614304
x(68) =  0.00605242
x(69) =  0.00596444
x(70) =  0.00587898
x(71) =  0.00579594
x(72) =  0.00571521
x(73) =  0.00563669
x(74) =  0.00556031
x(75) =  0.00548597
x(76) =  0.00541359
x(77) =  0.00534309
x(78) =  0.00527441
x(79) =  0.00520747
x(80) =  0.0051422
x(81) =  0.00507856
x(82) =  0.00501647
x(83) =  0.00495588
x(84) =  0.00489673
x(85) =  0.00483898
x(86) =  0.00478258
x(87) =  0.00472748
x(88) =  0.00467363
x(89) =  0.00462099
x(90) =  0.00456953
x(91) =  0.0045192
x(92) =  0.00446997
x(93) =  0.0044218
x(94) =  0.00437466
x(95) =  0.00432851
x(96) =  0.00428332
x(97) =  0.00423907
x(98) =  0.00419572
x(99) =  0.00415325
x(100) =  0.00411163
obj =  0
