modelstatus =         2.00
x(1) =     3.1973583352
x(2) =    -1.0093214333
x(3) =    -0.7382538699
obj =     0.0000004434
infeas =         0.00
nonopt =         0.00
