modelstatus = 2
x(1) = 0.00489951
x(2) =  -0.0580052
x(3) =  0.0546991
x(4) =  0.0140571
x(5) =  -0.0648875
x(6) =  0.0411324
x(7) =  0.0316336
x(8) =  -0.0671048
x(9) =  0.0242374
x(10) =  0.0465039
x(11) =  -0.0638508
x(12) =  5.933
obj =  5.933
