modelstatus =         2.00
x(1) =    48.5972830303
x(2) =   -86.0856396907
x(3) =    33.6920933702
x(4) =    -1.3612437674
x(5) =    18.1923121542
x(6) =     0.4560768004
obj =     0.0898836290
infeas =         0.00
nonopt =         0.00
