modelstatus =      2.00
x(1) =    -7.7129817764249946
x(2) =    4.9700461556771041
x(3) =    12.828755818979829
x(4) =    0.95050184362940571
x(5) =    2.4961162592022896
x(6) =    0.20119103583287584
obj =    0.074009697956099074
infeas =         0.00
nonopt =         0.00
