modelstatus = 2
x(1) = 0.00533967
x(2) =  0.0069561
x(3) =  0.0067903
x(4) =  0.0102072
x(5) =  0.00850971
x(6) =  0.00947128
x(7) =  0.00884541
x(8) =  0.0123845
x(9) =  0.00864575
x(10) =  0.0140111
x(11) =  0.0137064
x(12) =  0.0182655
x(13) =  0.0198592
x(14) =  0.0190728
x(15) =  0.013103
x(16) =  0.0188067
x(17) =  0.0157732
x(18) =  0.017214
x(19) =  0.0169975
x(20) =  0.0132126
x(21) =  0.0138101
x(22) =  0.0197212
x(23) =  0.0309405
x(24) =  0.0301007
x(25) =  0.0206168
x(26) =  0.0346408
x(27) =  0.0234838
x(28) =  0.0149505
x(29) =  0.0227329
x(30) =  0.0382054
x(31) =  0.0236822
x(32) =  0.027521
x(33) =  0.0131491
x(34) =  0.0182329
x(35) =  0.0225184
x(36) =  0.0197456
x(37) =  0.0204814
x(38) =  0.0170486
x(39) =  0.0164577
x(40) =  0.0115233
x(41) =  0.0180926
x(42) =  0.0214848
x(43) =  0.0139494
x(44) =  0.0194188
x(45) =  0.010628
x(46) =  0.00782975
x(47) =  0.0157195
x(48) =  0.0271219
x(49) =  0.0163457
x(50) =  0.0204362
x(51) =  0.0416197
x(52) =  0.019951
x(53) =  0.0168062
x(54) =  0.00368927
x(55) =  0.0264176
x(56) =  0
x(57) =  0
x(58) =  2.75903e-23
x(59) =  0
x(60) =  3.58846e-23
x(61) =  0
x(62) =  1.98826e-23
x(63) =  0.00332686
x(64) =  3.0351e-24
x(65) =  0.0025495
x(66) =  0
x(67) =  0.00481546
x(68) =  0.00354988
x(69) =  7.282e-24
x(70) =  1.08786e-23
x(71) =  0
x(72) =  0.00836878
x(73) =  2.80111e-23
x(74) =  2.22381e-05
x(75) =  0.0011221
obj =  0.746091
