modelstatus =         1.00
x(1) =     1.0528565606
x(2) =    -1.1941655176
x(3) =     0.0871586339
obj =     0.0871586339
infeas =         0.00
nonopt =         0.00
