modelstatus =         2.00
x(1) =     2.8556728220
x(2) =     0.6108732988
x(3) =     2.1506476115
x(4) =     4.7129209363
x(5) =     0.9993147509
x(6) =     1.3473473591
x(7) =     0.0316634950
obj =  1809.7587191939
infeas =         0.00
nonopt =         0.00
