modelstatus =         2.00
x(1) =     0.4000000000
x(2) =     1.0000000000
obj =     1.3233808821
infeas =         0.00
nonopt =         0.00
