modelstatus =      2.00
x(1) =    -19.993411568826509
x(2) =    0.27642604619909639
x(3) =    10.856208712271373
x(4) =    -0.18978118884872286
x(5) =    20.652454585297054
x(6) =    0.69268333123236037
obj =    0.020431422992845422
infeas =         0.00
nonopt =         0.00
