modelstatus =         2.00
x(1) =    10.0000000000
x(2) =     0.1185631102
x(3) =    10.0000000000
x(4) =     0.1126247880
x(5) =    10.0000000000
x(6) =     0.1108918234
x(7) =    10.0000000000
x(8) =     0.1100642416
x(9) =    10.0000000000
x(10) =     0.0678540832
x(11) =    16.3248413620
x(12) =    17.6209540951
x(13) =    18.8709540951
x(14) =    20.1209540951
x(15) =    21.3709540951
x(16) =    22.6209540951
x(17) =    23.8709540951
x(18) =    25.1209540951
x(19) =    26.3709540951
x(20) =    27.6209540951
x(21) =    28.8709540951
x(22) =    30.1209540951
x(23) =    31.3709540951
x(24) =    32.6209540951
x(25) =    33.8709540951
x(26) =    35.1209540951
x(27) =    36.3709540951
x(28) =    37.6209540951
x(29) =    38.8709540951
x(30) =    40.1209540951
x(31) =    41.3709540951
x(32) =    42.6209540951
x(33) =    43.8709540951
x(34) =    45.1209540951
x(35) =    46.3709540951
x(36) =    47.6209540951
x(37) =    48.8709540951
x(38) =    50.1209540951
x(39) =    51.3709540951
x(40) =    52.6209540951
x(41) =    53.8709540951
x(42) =    55.1209540951
x(43) =    56.3709540951
x(44) =    57.6209540951
x(45) =    58.8709540951
x(46) =    60.1209540951
x(47) =    61.3709540951
x(48) =    62.6209540951
x(49) =    63.8709540951
x(50) =    65.1209540951
x(51) =    66.3709540951
x(52) =    67.6209540951
x(53) =    68.8709540951
x(54) =    70.1209540951
x(55) =    71.3709540951
x(56) =    72.6209540951
x(57) =    73.8709540951
x(58) =    75.1209540951
x(59) =    76.3709540951
x(60) =    77.6209540951
x(61) =    78.8709540951
x(62) =    80.1209540951
x(63) =    81.3709540951
x(64) =    82.6209540951
x(65) =    83.8709540951
x(66) =    85.1209540951
x(67) =    86.3709540951
x(68) =    87.6209540951
x(69) =    88.8709540951
x(70) =    90.1209540951
x(71) =    91.3709540951
x(72) =    92.6209540951
x(73) =    93.8709540951
x(74) =    95.1209540951
x(75) =    96.3709540951
x(76) =    97.6209540951
x(77) =    98.8709540951
x(78) =   100.1209540951
x(79) =   101.3709540951
x(80) =   102.6209540951
x(81) =   103.8709540951
x(82) =   105.1209540951
x(83) =   106.3709540951
x(84) =   107.6209540951
x(85) =   108.8709540951
x(86) =   110.1209540951
x(87) =   111.3709540951
x(88) =   112.6209540951
x(89) =   113.8709540951
x(90) =   115.1209540951
x(91) =   116.3709540951
x(92) =   117.6209540951
x(93) =   118.8709540951
x(94) =   120.1209540951
x(95) =   121.3709540951
x(96) =   122.6209540951
x(97) =   123.8709540951
x(98) =   125.1209540951
x(99) =   126.3709540951
x(100) =   127.6209540951
x(101) =   128.8709540951
x(102) =   130.1209540951
x(103) =   131.3709540951
x(104) =   132.6209540951
x(105) =   133.8709540951
x(106) =   135.1209540951
x(107) =   136.3709540951
x(108) =   137.6209540951
x(109) =   138.8709540951
x(110) =   140.1209540951
x(111) =   141.3709540951
x(112) =   142.6209540951
x(113) =   143.8709540951
x(114) =   145.1209540951
x(115) =   146.3709540951
x(116) =   147.6209540951
x(117) =   148.8709540951
x(118) =   150.1209540951
x(119) =   151.3709540951
x(120) =   -20.9676327606
obj = -3.6480883640E+6
infeas =         0.00
nonopt =         0.00
