modelstatus = 2
x(1) = 0.00259901
x(2) =  0.0020311
x(3) =  0.00448839
x(4) =  0.00338132
x(5) =  0.00424979
x(6) =  0.00358953
x(7) =  0.00435445
x(8) =  0.00737611
x(9) =  0.00886495
x(10) =  0.00977151
x(11) =  0.00754909
x(12) =  0.00402668
x(13) =  0.00608526
x(14) =  0.00684904
x(15) =  0.00905919
x(16) =  0.00742969
x(17) =  0.00416816
x(18) =  0.0101739
x(19) =  0.00414859
x(20) =  0.00295189
x(21) =  0.0046965
x(22) =  0.0130736
x(23) =  0.00915181
x(24) =  0.0120081
x(25) =  0.00264792
x(26) =  0.0112347
x(27) =  0.0095895
x(28) =  0.0111758
x(29) =  0.00735311
x(30) =  0.00230161
x(31) =  1.02651e-22
x(32) =  0.015605
x(33) =  0.015669
x(34) =  0.0152851
x(35) =  0.0107406
x(36) =  0.00272406
x(37) =  0.00720496
x(38) =  0.00226904
x(39) =  0.0240827
x(40) =  0.00726138
x(41) =  0.00320127
x(42) =  0.00751091
x(43) =  0.0269724
x(44) =  0.0201088
x(45) =  0.00780416
x(46) =  0.0229176
x(47) =  0.034884
x(48) =  0.0132343
x(49) =  0.0219305
x(50) =  0.0194192
x(51) =  0.0187974
x(52) =  0.0039123
x(53) =  0.0226357
x(54) =  0.0232651
x(55) =  0
x(56) =  0.011099
x(57) =  0.00350554
x(58) =  0.00207771
x(59) =  0.00950864
x(60) =  0.0107757
x(61) =  0.0246806
x(62) =  0.0197992
x(63) =  0.0212857
x(64) =  0.00129245
x(65) =  0.0180897
x(66) =  0.0305107
x(67) =  0.00186205
x(68) =  0.0277561
x(69) =  0.0162785
x(70) =  0.00260743
x(71) =  0.00069418
x(72) =  0.0143153
x(73) =  0.00493437
x(74) =  0.00808415
x(75) =  0.000737342
x(76) =  0.00953755
x(77) =  0.00621571
x(78) =  0.000271285
x(79) =  0.00121524
x(80) =  0.0043236
x(81) =  0.01255
x(82) =  0.00207169
x(83) =  0.011637
x(84) =  0.015479
x(85) =  0.0215285
x(86) =  0.00454878
x(87) =  9.12288e-24
x(88) =  0.00646624
x(89) =  0.00181865
x(90) =  0.0115026
x(91) =  0.0365202
x(92) =  0.00601877
x(93) =  0.0329039
x(94) =  4.76335e-23
x(95) =  0.0312315
x(96) =  0.0104497
obj =  0.0337337
