modelstatus = 2
x(1) = 3.87598e-06
x(2) =  -7.17846e-05
x(3) =  5.92386e-05
x(4) =  -6.98932e-05
x(5) =  -5.79689e-05
x(6) =  -3.27271e-06
x(7) =  5.65857e-05
x(8) =  2.16738e-06
x(9) =  6.93024e-05
x(10) =  -0.000217264
x(11) =  -6.89381e-05
x(12) =  -3.4998e-06
x(13) =  5.56201e-05
x(14) =  -5.56194e-05
x(15) =  5.56147e-05
x(16) =  6.15904e-05
x(17) =  -3.72071e-05
x(18) =  -6.087e-05
x(19) =  -5.6071e-05
x(20) =  -6.10402e-05
x(21) =  3.08455e-09
obj =  3.08455e-09
