modelstatus =         2.00
x(1) =    -5.8195380834
x(2) =     0.5913764787
x(3) =    -0.7984107149
x(4) =    -1.3870406436
x(5) =    -1.5128522885
x(6) =    -1.9589060278
x(7) =    -1.7267952292
x(8) =    -2.3360236522
x(9) =    -1.7447644358
x(10) =    -2.6989584387
x(11) =    -1.6258451185
x(12) =    -3.1615824714
x(13) =    -1.3780001438
x(14) =    -3.8872718006
x(15) =    -0.9897402705
x(16) =    -5.2899224907
x(17) =    -0.4392742944
x(18) =    -9.7033968822
x(19) =     0.3156568732
x(20) =    -1.1698997670
x(21) =    -0.7169960180
x(22) =    -3.4865153187
x(23) =    -0.3990524343
x(24) =    -8.4456323152
x(25) =     0.3193818930
obj =     0.0000000000
infeas =         0.00
nonopt =         0.00
