modelstatus =         2.00
x(1) =     1.1390376520
x(2) =     0.8995599384
x(3) =     1.9522244939
obj =     1.9522244939
infeas =         0.00
nonopt =         0.00
