modelstatus =         2.00
x(1) =     0.4789845579
x(2) =     0.6883001797
obj =     0.2405105940
infeas =         0.00
nonopt =         0.00
