modelstatus =         2.00
x(1) =     0.5000000000
x(2) =     0.8660254038
obj =    38.1987298119
infeas =         0.00
nonopt =         0.00
