modelstatus = 2
x(1) = 4.75601
x(2) =  5.24399
x(3) =  1.96566
x(4) =  2.79035
x(5) =  1.96566
x(6) =  0
x(7) =  1.92046
x(8) =  0.0451987
x(9) =  1.86551
x(10) =  0.0549491
x(11) =  1.86551
x(12) =  0
x(13) =  5.24399
x(14) =  2.79035
x(15) =  0
x(16) =  1.86198
x(17) =  0.928374
x(18) =  0
x(19) =  1.90718
x(20) =  0.0549491
x(21) =  0
x(22) =  1.92046
x(23) =  1.25533
x(24) =  3.98866
x(25) =  0.209401
x(26) =  1.04592
x(27) =  0
x(28) =  1.13777
x(29) =  1.90718
x(30) =  0
x(31) =  1.52193
x(32) =  0.385247
x(33) =  3.44239
x(34) =  -0.0113355
x(35) =  4
x(36) =  0
x(37) =  1.03459
x(38) =  1.13777
x(39) =  0
x(40) =  1.17236
x(41) =  -0.034589
x(42) =  0
x(43) =  1.55761
x(44) =  3.44239
x(45) =  0
x(46) =  4
x(47) =  1.03459
x(48) =  0
x(49) =  0.0555628
x(50) =  0.979026
x(51) =  0
x(52) =  0.0209738
x(53) =  1.55761
x(54) =  0
x(55) =  5
x(56) =  4
x(57) =  4
x(58) =  4.97903
x(59) =  5
x(60) =  5
x(61) =  0.896098
obj =  73.317
