modelstatus =         2.00
x(1) =    -4.0000000001
x(2) =    -5.9999999999
x(3) =    27.9999999969
obj =    27.9999999969
infeas =         0.00
nonopt =         0.00
