modelstatus = 2
x(1) = 1
x(2) =  1
x(3) =  0
x(4) =  0
x(5) =  -6.16298e-33
x(6) =  0
x(7) =  0
x(8) =  2.71171e-31
x(9) =  0
x(10) =  0
x(11) =  -5.23853e-32
x(12) =  0
x(13) =  1.41748e-31
x(14) =  -1.14015e-31
x(15) =  3.69779e-32
x(16) =  2.46519e-32
x(17) =  2.46519e-32
x(18) =  -3.08149e-32
x(19) =  -1.2326e-32
x(20) =  0
x(21) =  3.08149e-33
x(22) =  0
x(23) =  6.16298e-33
x(24) =  6.16298e-33
x(25) =  6.16298e-33
x(26) =  -1.2326e-32
x(27) =  3.08149e-32
x(28) =  1.2326e-32
x(29) =  -2.46519e-32
x(30) =  0
x(31) =  0
x(32) =  2.46519e-32
x(33) =  0
x(34) =  8.62817e-32
x(35) =  2.46519e-32
x(36) =  -2.46519e-32
x(37) =  0
x(38) =  8.62817e-32
x(39) =  1.47911e-31
x(40) =  -9.86076e-32
x(41) =  1.54074e-31
x(42) =  1.2326e-31
x(43) =  -1.2326e-31
x(44) =  1.97215e-31
x(45) =  7.39557e-32
x(46) =  2.46519e-31
x(47) =  4.43734e-31
x(48) =  -9.86076e-32
x(49) =  -7.39557e-32
x(50) =  4.93038e-32
x(51) =  1.82474e-18
x(52) =  2.11079e-18
x(53) =  2.04085e-18
x(54) =  4.85959e-19
x(55) =  5.04052e-18
x(56) =  -5.26842e-18
x(57) =  -2.98614e-18
x(58) =  0
x(59) =  7.06316e-18
x(60) =  1.79454e-19
x(61) =  2.16075e-18
x(62) =  -1.96602e-18
x(63) =  8.30392e-18
x(64) =  6.26739e-18
x(65) =  -4.54332e-18
x(66) =  -6.20706e-18
x(67) =  -2.10836e-18
x(68) =  -3.8637e-18
x(69) =  3.85386e-19
x(70) =  5.94398e-18
x(71) =  -2.38292e-19
x(72) =  -1.43116e-19
x(73) =  5.57066e-18
x(74) =  -3.58991e-18
x(75) =  -4.75267e-20
x(76) =  -5.43859e-18
x(77) =  3.72387e-18
x(78) =  5.3183e-18
x(79) =  4.02935e-18
x(80) =  -1.3344e-19
x(81) =  2.19585e-19
x(82) =  -2.3295e-19
x(83) =  8.7892e-19
x(84) =  -1.20584e-18
x(85) =  -1.65112e-18
x(86) =  -1.65212e-19
x(87) =  1.22451e-19
x(88) =  -3.18705e-18
x(89) =  -1.43563e-18
x(90) =  -3.15404e-18
x(91) =  -4.44401e-18
x(92) =  -1.54198e-19
x(93) =  -1.14377e-19
x(94) =  6.07153e-18
x(95) =  -2.90986e-18
x(96) =  -3.13727e-18
x(97) =  -2.79382e-18
x(98) =  6.9585e-19
x(99) =  7.01252e-19
x(100) =  2.60209e-18
x(101) =  -3.50449e-20
obj =  1
