modelstatus = 2
x(1) = 1
x(2) =  0.999999
x(3) =  1
x(4) =  1
x(5) =  0.999999
obj =  2.93335e-12
