modelstatus = 2
x(1) = 0.57735
x(2) =  1.73205
x(3) =  4.68938e-06
obj =  6
