modelstatus =         2.00
x(1) =     0.0406681050
x(2) =     0.1477303713
x(3) =     0.7831532994
x(4) =     0.0014142197
x(5) =     0.4852466610
x(6) =     0.0006931630
x(7) =     0.0273992954
x(8) =     0.0179472772
x(9) =     0.0373143687
x(10) =     0.0968713905
obj =   -47.7610908594
infeas =         0.00
nonopt =         0.00
