modelstatus =         2.00
x(1) =     1.0000203128
x(2) =     2.9999534473
x(3) =     1.9999847704
obj =     0.0000000000
infeas =         0.00
nonopt =         0.00
