modelstatus = 2
x(1) = 3.02442e-08
x(2) =  -1
x(3) =  2.40687e-08
obj =  1.58063e-15
