modelstatus =         2.00
x(1) =     0.3222526833
x(2) =     0.4220613289
x(3) =     0.2305300697
x(4) =    -0.1201311677
x(5) =    -0.3878683970
x(6) =    -0.3878683843
x(7) =    -0.1201312158
x(8) =     0.2305298617
x(9) =     0.4220611331
x(10) =     0.3222526094
x(11) =    -0.3222526509
x(12) =     0.4220612512
x(13) =    -0.2305300161
x(14) =    -0.1201311536
x(15) =     0.3878683099
x(16) =    -0.3878683034
x(17) =     0.1201310986
x(18) =     0.2305300445
x(19) =    -0.4220613250
x(20) =     0.3222527224
x(21) =     0.3878683828
x(22) =    -0.3222527092
x(23) =    -0.1201311382
x(24) =     0.4220612442
x(25) =    -0.2305299628
x(26) =    -0.2305300241
x(27) =     0.4220612791
x(28) =    -0.1201312069
x(29) =    -0.3222526857
x(30) =     0.3878683805
x(31) =     0.4220612091
x(32) =     0.1201311633
x(33) =    -0.3878683935
x(34) =    -0.2305299642
x(35) =     0.3222526429
x(36) =     0.3222526634
x(37) =    -0.2305299120
x(38) =    -0.3878683565
x(39) =     0.1201311170
x(40) =     0.4220612490
x(41) =     0.2305299050
x(42) =    -0.3878682734
x(43) =     0.4220611828
x(44) =    -0.3222525999
x(45) =     0.1201311534
x(46) =     0.1201310980
x(47) =    -0.3222526410
x(48) =     0.4220612075
x(49) =    -0.3878683420
x(50) =     0.2305299543
x(51) =    -0.4220611522
x(52) =     0.1201311888
x(53) =     0.3878683129
x(54) =    -0.2305299647
x(55) =    -0.3222527133
x(56) =     0.3222526416
x(57) =     0.2305300528
x(58) =    -0.3878683419
x(59) =    -0.1201311637
x(60) =     0.4220612631
x(61) =    -0.1201312071
x(62) =     0.2305300011
x(63) =    -0.3222526094
x(64) =     0.3878682493
x(65) =    -0.4220611024
x(66) =     0.4220611637
x(67) =    -0.3878683408
x(68) =     0.3222527009
x(69) =    -0.2305300375
x(70) =     0.1201312073
x(71) =     0.3878683493
x(72) =     0.3222527153
x(73) =    -0.1201311577
x(74) =    -0.4220613215
x(75) =    -0.2305299820
x(76) =     0.2305300443
x(77) =     0.4220613346
x(78) =     0.1201311563
x(79) =    -0.3222526960
x(80) =    -0.3878683701
x(81) =    -0.1201310949
x(82) =    -0.2305298619
x(83) =    -0.3222524911
x(84) =    -0.3878681805
x(85) =    -0.4220611182
x(86) =    -0.4220611824
x(87) =    -0.3878682718
x(88) =    -0.3222525488
x(89) =    -0.2305298620
x(90) =    -0.1201310592
x(91) =    -0.2305299369
x(92) =    -0.3878682470
x(93) =    -0.4220611400
x(94) =    -0.3222525725
x(95) =    -0.1201310674
x(96) =     0.1201312058
x(97) =     0.3222526145
x(98) =     0.4220610916
x(99) =     0.3878682008
x(100) =     0.2305298872
x(101) =     0.0690278533
x(102) =     0.3309721466
x(103) =     0.2830830026
x(104) =     0.1715370318
x(105) =     0.3682507080
x(106) =     0.2284629674
x(107) =     0.3918985945
x(108) =     0.1169169961
x(109) =     0.0081014044
x(110) =     0.0317492937
obj =     0.0000000000
infeas =         0.00
nonopt =         0.00
