modelstatus =         2.00
x(1) =     2.7143660599
x(2) =   140.4358059856
x(3) =  1707.5156170998
x(4) =   -31.5128692786
obj =   318.5717487911
infeas =         0.00
nonopt =         0.00
