modelstatus =         2.00
x(1) =     0.2578252137
x(2) =     0.2578252137
obj =   124.3621823556
infeas =         0.00
nonopt =         0.00
