modelstatus = 2
x(1) = 0.000171212
x(2) =  -8.15277e-05
x(3) =  -0.000100024
x(4) =  5.63993e-05
x(5) =  -0
obj =  -0
