modelstatus = 2
x(1) = 3.85781e-09
x(2) =  -5.55959e-17
x(3) =  -4.6055e-17
obj =  -4.6055e-17
