modelstatus =         1.00
x(1) =     1.5624989958
x(2) =     1.5625000000
x(3) =     9.9999314641
x(4) =     7.1943222899
x(5) =     8.6612357648
x(6) =    11.2611084755
x(7) =     6.3767518168
x(8) =     6.9651291403
x(9) =    -1.1706615881
x(10) =     1.5625000000
x(11) =     0.0000016808
x(12) =     5.0288243197
x(13) =     9.1759790695
x(14) =     7.5102538592
x(15) =     8.4837637843
x(16) =     9.5271570912
x(17) =     3.3304504032
x(18) =     3.4504252837
x(19) =    -0.4090815131
x(20) =     1.5625000000
x(21) =     4.5000000000
x(22) =     1.5625000000
x(23) =     4.5000000000
x(24) =     0.6154889379
x(25) =     0.0776858076
x(26) =     0.4036219099
x(27) =     0.6505543441
x(28) =     0.4500029917
obj =     1.5624989958
infeas =         0.00
nonopt =         0.00
