modelstatus = -1
x(1) =    8.1760517683130658
x(2) =    -33.121135059176282
x(3) =    40.236515974838213
x(4) =    -14.767370371526532
x(5) =    3.7468433905710063
x(6) =    -0.38933489070404848
x(7) =    1.6248696336859494
x(8) =    13.914947808759637
obj =    0.00014800422011838343
infeas = 0
nonopt = 0
