modelstatus =         1.00
x(1) =    15.8148541728
x(2) =     3.2968944114
x(3) =    15.3148541594
x(4) =    14.5873673524
x(5) =     1.0000000000
x(6) =    12.5873673524
x(7) =     1.0000000000
x(8) =    26.1843669197
x(9) =     3.5468944249
obj =    52.1399043402
infeas =         0.00
nonopt =         0.00
