modelstatus =         1.00
x(1) =     6.4568305992
x(2) =     2.2400605507
x(3) =     1.0154568144
x(4) =     0.4009528389
x(5) =     0.6647126323
x(6) =     0.5999257221
x(7) =     5.9341181459
x(8) =     5.5275317879
obj =     3.9511424513
infeas =         0.00
nonopt =         0.00
