modelstatus = 2
x(1) = 1
x(2) =  0.999998
x(3) =  0.999998
x(4) =  0.999998
x(5) =  0.999999
x(6) =  0.999999
x(7) =  0.999999
x(8) =  0.999999
x(9) =  0.999999
x(10) =  1
obj =  6.84861e-13
