modelstatus =         2.00
x(1) =    -0.0049256980
x(2) =    -0.0098016461
x(3) =    -0.0146270940
x(4) =    -0.0194012768
x(5) =    -0.0241234136
x(6) =    -0.0287927079
x(7) =    -0.0334083467
x(8) =    -0.0379695002
x(9) =    -0.0424753215
x(10) =    -0.0469249461
x(11) =    -0.0513174912
x(12) =    -0.0556520556
x(13) =    -0.0599277190
x(14) =    -0.0641435415
x(15) =    -0.0682985630
x(16) =    -0.0723918028
x(17) =    -0.0764222591
x(18) =    -0.0803889083
x(19) =    -0.0842907043
x(20) =    -0.0881265781
x(21) =    -0.0918954371
x(22) =    -0.0955961644
x(23) =    -0.0992276180
x(24) =    -0.1027886305
x(25) =    -0.1062780080
x(26) =    -0.1096945294
x(27) =    -0.1130369457
x(28) =    -0.1163039793
x(29) =    -0.1194943229
x(30) =    -0.1226066390
x(31) =    -0.1256395587
x(32) =    -0.1285916809
x(33) =    -0.1314615713
x(34) =    -0.1342477614
x(35) =    -0.1369487478
x(36) =    -0.1395629906
x(37) =    -0.1420889127
x(38) =    -0.1445248984
x(39) =    -0.1468692925
x(40) =    -0.1491203990
x(41) =    -0.1512764795
x(42) =    -0.1533357524
x(43) =    -0.1552963910
x(44) =    -0.1571565228
x(45) =    -0.1589142271
x(46) =    -0.1605675343
x(47) =    -0.1621144237
x(48) =    -0.1635528225
x(49) =    -0.1648806033
x(50) =    -0.1660955830
x(51) =    -0.1671955206
x(52) =    -0.1681781151
x(53) =    -0.1690410042
x(54) =    -0.1697817615
x(55) =    -0.1703978944
x(56) =    -0.1708868423
x(57) =    -0.1712459738
x(58) =    -0.1714725847
x(59) =    -0.1715638946
x(60) =    -0.1715170454
x(61) =    -0.1713290975
x(62) =    -0.1709970276
x(63) =    -0.1705177251
x(64) =    -0.1698879895
x(65) =    -0.1691045267
x(66) =    -0.1681639459
x(67) =    -0.1670627556
x(68) =    -0.1657973604
x(69) =    -0.1643640564
x(70) =    -0.1627590278
x(71) =    -0.1609783420
x(72) =    -0.1590179457
x(73) =    -0.1568736597
x(74) =    -0.1545411744
x(75) =    -0.1520160442
x(76) =    -0.1492936827
x(77) =    -0.1463693565
x(78) =    -0.1432381797
x(79) =    -0.1398951073
x(80) =    -0.1363349293
x(81) =    -0.1325522629
x(82) =    -0.1285415465
x(83) =    -0.1242970312
x(84) =    -0.1198127732
x(85) =    -0.1150826258
x(86) =    -0.1101002302
x(87) =    -0.1048590063
x(88) =    -0.0993521435
x(89) =    -0.0935725897
x(90) =    -0.0875130414
x(91) =    -0.0811659317
x(92) =    -0.0745234185
x(93) =    -0.0675773721
x(94) =    -0.0603193618
x(95) =    -0.0527406415
x(96) =    -0.0448321353
x(97) =    -0.0365844216
x(98) =    -0.0279877163
x(99) =    -0.0190318556
x(100) =    -0.0097062771
obj =     0.0000000000
infeas =         0.00
nonopt =         0.00
