modelstatus =         2.00
x(1) =    18.4635369135
x(2) =   -47.6150800712
x(3) =    38.4852972708
x(4) =   -11.6179754383
x(5) =     2.8300837604
x(6) =    -0.2788584588
x(7) =     0.9846527462
x(8) =    12.6037382479
obj =     0.0002155954
infeas =         0.00
nonopt =         0.00
