modelstatus =         1.00
x(1) =   584.3282028010
x(2) =  1354.1644876700
x(3) =  5110.7156493300
x(4) =   182.4326280510
x(5) =   295.5675740820
x(6) =   217.5673719490
x(7) =   286.8650539690
x(8) =   395.5675740820
obj =  7049.2083398000
infeas =         0.00
nonopt =         0.00
