modelstatus =         2.00
x(1) =     1.1465150499
x(2) =     0.5465962726
x(3) =     1.0000000000
x(4) =     0.2732981363
x(5) =     0.2999593887
x(6) =     0.0000000000
obj =     0.7592843917
infeas =         0.00
nonopt =         0.00
