modelstatus =         1.00
x(1) =    -0.5356505635
x(2) =     0.5356505635
x(3) =     0.4639205729
x(4) =     0.5356505635
obj =     0.5356505635
infeas =         0.00
nonopt =         0.00
