modelstatus =         2.00
x(1) =     3.0000000000
x(2) =     1.7320508076
obj =    -1.0000000000
infeas =         0.00
nonopt =         0.00
