modelstatus = 2
x(1) = 0.00204967
x(2) =  0.00289745
x(3) =  0.00367511
x(4) =  0.00337284
x(5) =  0.00418465
x(6) =  0.00496344
x(7) =  0.00506594
x(8) =  0.00432729
x(9) =  0.00498387
x(10) =  0.00844428
x(11) =  0.00946163
x(12) =  0.0100723
x(13) =  0.0133052
x(14) =  0.00702895
x(15) =  0.00863396
x(16) =  0.00909912
x(17) =  0.00761239
x(18) =  0.00743225
x(19) =  0.00804518
x(20) =  0.00899617
x(21) =  0.0158274
x(22) =  0.00910144
x(23) =  0.0167845
x(24) =  0.0120182
x(25) =  0.0051085
x(26) =  0.00661613
x(27) =  0.0124274
x(28) =  0.0125019
x(29) =  0.0110971
x(30) =  0.00984084
x(31) =  0.00972631
x(32) =  0.0186244
x(33) =  0.00789265
x(34) =  0.00899468
x(35) =  0.00949439
x(36) =  0.0277314
x(37) =  0.0127481
x(38) =  0.00909274
x(39) =  0.0244973
x(40) =  0.0217541
x(41) =  0.0138867
x(42) =  0.020915
x(43) =  0.0156307
x(44) =  0.00520931
x(45) =  0.0208203
x(46) =  0.0202362
x(47) =  0.017182
x(48) =  0.0384411
x(49) =  0.0172256
x(50) =  0.0193282
x(51) =  0.0330959
x(52) =  0.0350368
x(53) =  0.0225498
x(54) =  0.0147911
x(55) =  0.0224379
x(56) =  0.0225295
x(57) =  0.0236398
x(58) =  0.0229801
x(59) =  0.0101723
x(60) =  0.0233647
x(61) =  2.05534e-23
x(62) =  0.00638098
x(63) =  4.43121e-23
x(64) =  0.00846427
x(65) =  0.00061322
x(66) =  1.64179e-22
x(67) =  0
x(68) =  0.000470972
x(69) =  3.79583e-23
x(70) =  0.000273101
x(71) =  3.27333e-23
x(72) =  0.00366849
x(73) =  7.14613e-25
x(74) =  0.0016696
x(75) =  0.00127029
x(76) =  0.00317659
x(77) =  2.68646e-23
x(78) =  0.000348035
x(79) =  1.21028e-23
x(80) =  0.00821253
x(81) =  0.00804582
x(82) =  0.0111393
x(83) =  0.000872477
x(84) =  0.000617721
x(85) =  0.00521021
x(86) =  0.00765658
x(87) =  0.00402106
x(88) =  0.00650755
x(89) =  0.000954365
x(90) =  5.75584e-23
x(91) =  0.00337678
x(92) =  6.25074e-05
x(93) =  5.21804e-24
x(94) =  0.00639675
x(95) =  7.20558e-05
x(96) =  0.00694814
x(97) =  0.00790237
x(98) =  0.00369559
x(99) =  4.49421e-23
x(100) =  0.0238059
x(101) =  0.00789447
x(102) =  0.00614274
x(103) =  0.0141999
x(104) =  0.00106613
x(105) =  1.22494e-22
x(106) =  0.00207469
x(107) =  0.00849584
x(108) =  2.33468e-07
x(109) =  0
x(110) =  0.0127083
x(111) =  0.000580477
obj =  0.135756
