modelstatus =      2.00
x(1) =    -977.5604473751763
x(2) =    352.52812860360046
x(3) =    -78.039933623832766
x(4) =    11.753379979456049
x(5) =    2495.6098866407051
x(6) =    2.5415969321556338
obj =    10.473672947067721
infeas =         0.00
nonopt =         0.00
