modelstatus = -1
x(1) =    1.7112859927750459
x(2) =    18.035572432068072
x(3) =    2.3258739559231838
x(4) =    5.5933947235547228
x(5) =    44.01647673867123
x(6) =    3
obj =    0.0055974194586470363
infeas = 0
nonopt = 0
