modelstatus =         2.00
x(1) =    -6.1042224118
x(2) =    -7.3201686446
x(3) =    -8.7022417848
x(4) =    -6.5477867612
x(5) =    -5.1567522577
x(6) =    -1.8470870015
x(7) =    -3.3253851573
x(8) =    -0.4925172525
x(9) =     1.3583235924
x(10) =     3.8234064145
x(11) =     1.7839045745
x(12) =     5.3232716788
x(13) =     5.5060572325
x(14) =     5.4846053557
x(15) =     3.3307721662
x(16) =     5.0355945036
x(17) =     4.4467940696
x(18) =     2.7845107487
x(19) =    -0.0429161438
x(20) =    -0.8107836832
x(21) =    -0.3134547749
x(22) =     3.9783359969
x(23) =     2.5722242558
x(24) =     1.2227680037
x(25) =     3.1282262011
x(26) =     1.8729366667
x(27) =     0.6436230346
x(28) =     0.0508319165
x(29) =    -0.1247427614
x(30) =    -2.8254714978
x(31) =    -3.7528423728
x(32) =    -2.2670535435
x(33) =    -0.4224749068
x(34) =    -2.7471410410
x(35) =    -1.1402459635
x(36) =    -0.3884412851
x(37) =    -0.1036135035
x(38) =    -0.9612150952
x(39) =    -1.6297313452
x(40) =    -1.9293649772
x(41) =    -1.6713078885
x(42) =    -0.0678853387
x(43) =     7.7726863286
x(44) =     4.8358752750
x(45) =     1.9633908255
x(46) =     2.4430990997
x(47) =     5.0473611894
x(48) =     6.9071258476
x(49) =     5.6363531568
x(50) =     6.4587767410
x(51) =     5.9648590151
x(52) =     5.4029853564
x(53) =     4.3522010463
x(54) =     4.5826659255
x(55) =     4.1887062883
x(56) =     3.5019939548
x(57) =     3.7260677334
x(58) =     2.8995484382
x(59) =     2.3232747930
x(60) =     2.6929643228
x(61) =     3.8825905415
x(62) =     2.8133167926
x(63) =     1.6979112117
x(64) =     1.4705877483
x(65) =     0.5767965731
x(66) =    -1.0425430378
x(67) =    -1.8568435745
x(68) =    -2.8679333946
x(69) =    -3.2228328321
x(70) =    -1.8544887627
x(71) =    -0.7437735982
x(72) =     0.1871135185
x(73) =    -1.5299614346
x(74) =    -1.5779297199
x(75) =    -0.0623758193
x(76) =    -2.6840506068
x(77) =    -3.1422608745
x(78) =    -4.0002227557
x(79) =    -4.9764224011
x(80) =    -6.1415369830
x(81) =    -7.1062204697
x(82) =    -5.7435826791
x(83) =    -4.6168454068
x(84) =     0.3088568937
obj = 47952.6995634528
infeas =         0.00
nonopt =         0.00
