modelstatus = 2
x(1) = 0.999964
x(2) =  0.999572
x(3) =  0.991944
x(4) =  0.974554
x(5) =  0.96764
x(6) =  0.964867
x(7) =  0.964099
x(8) =  0.874226
x(9) =  0.835852
x(10) =  0.816316
x(11) =  0.803263
x(12) =  0.792858
x(13) =  0.783074
x(14) =  0.772529
x(15) =  0.75953
x(16) =  0.74084
x(17) =  0.708636
x(18) =  0.642254
x(19) =  0.52726
x(20) =  0.410564
x(21) =  0.220416
x(22) =  0.146956
x(23) =  0.126872
x(24) =  0.116095
x(25) =  0.109079
x(26) =  0.103949
x(27) =  0.099765
x(28) =  0.0963866
x(29) =  0.0942309
x(30) =  0.0927466
x(31) =  0.091785
x(32) =  0.0906377
x(33) =  0.0905196
x(34) =  0.0904082
x(35) =  0.0903018
x(36) =  0.0902154
x(37) =  0.214398
x(38) =  0.21435
x(39) =  0.214316
x(40) =  0.214298
x(41) =  0.214295
x(42) =  0.214295
x(43) =  0.214295
x(44) =  0.214295
x(45) =  0.214295
x(46) =  0.214295
x(47) =  0.347588
x(48) =  0.347588
x(49) =  0.347588
x(50) =  0.347588
x(51) =  0.347588
x(52) =  0.347588
x(53) =  0.347588
x(54) =  0.347588
x(55) =  0.347588
x(56) =  0.347588
x(57) =  0.347588
x(58) =  0.347588
x(59) =  0.347588
x(60) =  0.347588
x(61) =  0.347588
x(62) =  0.347588
x(63) =  0.347588
x(64) =  0.347588
x(65) =  0.347588
x(66) =  0.526199
x(67) =  0.615044
x(68) =  0.615046
x(69) =  0.615096
x(70) =  0.615098
x(71) =  0.615254
x(72) =  0.615256
x(73) =  0.615259
x(74) =  0.615332
x(75) =  0.615336
x(76) =  0.61534
x(77) =  0.615346
x(78) =  0.615352
x(79) =  0.615358
x(80) =  0.615496
x(81) =  0.615505
x(82) =  0.615517
x(83) =  0.615532
x(84) =  0.615551
x(85) =  0.615578
x(86) =  0.615616
x(87) =  0.61568
x(88) =  0.797624
x(89) =  0.797647
x(90) =  0.797647
x(91) =  0.797671
x(92) =  0.797671
x(93) =  0.905396
x(94) =  0.905396
x(95) =  0.905396
x(96) =  0.905393
x(97) =  0.908941
x(98) =  0.908937
x(99) =  0.908937
x(100) =  0.908938
obj =  0
