modelstatus =         2.00
x(1) =     0.9405812240
x(2) =    -0.3274803262
x(3) =     0.4702906121
x(4) =     0.0017097044
x(5) =     1.0557623606
x(6) =     0.0008548522
x(7) =     0.0349801335
x(8) =     0.9853683493
x(9) =     0.0174900668
x(10) =     1.7426739158
x(11) =  1001.2156382155
x(12) =     0.8713369581
obj =     0.0000000000
infeas =         0.00
nonopt =         0.00
