modelstatus =         2.00
x(1) =     4.5374309747
x(2) =     2.4000000000
x(3) =    60.0000000000
x(4) =     9.3000000000
x(5) =     7.0000000000
obj = -5.2803351332E+6
infeas =         0.00
nonopt =         0.00
