modelstatus = 2
x(1) = 4.99107
x(2) =  5.00893
x(3) =  2.52606
x(4) =  2.46501
x(5) =  0.179226
x(6) =  2.34683
x(7) =  0.11784
x(8) =  0.061386
x(9) =  0.143177
x(10) =  -0.0253376
x(11) =  0.143177
x(12) =  2.44141
x(13) =  2.56752
x(14) =  2.40819
x(15) =  2.49823
x(16) =  2.12348
x(17) =  2.63154
x(18) =  2.14478
x(19) =  0.0400855
x(20) =  2.01944
x(21) =  0.1
x(22) =  2.16262
x(23) =  2.37478
x(24) =  0.192746
x(25) =  2.54096
x(26) =  2.33204
x(27) =  2.47709
x(28) =  2.69541
x(29) =  2.11133
x(30) =  0.405849
x(31) =  1.31882
x(32) =  0.89251
x(33) =  3.48144
x(34) =  0.0637322
x(35) =  0.129014
x(36) =  0.1
x(37) =  2.29578
x(38) =  0.403582
x(39) =  2.39183
x(40) =  0.517745
x(41) =  0.291686
x(42) =  0.1
x(43) =  1.31025
x(44) =  3.58144
x(45) =  0.1
x(46) =  0.0290135
x(47) =  0.0401262
x(48) =  2.35565
x(49) =  0.661076
x(50) =  1.77088
x(51) =  1.5374
x(52) =  -0.584633
x(53) =  1.43259
x(54) =  1.41506
x(55) =  5.01403
x(56) =  0.0290135
x(57) =  2.38466
x(58) =  4.15554
x(59) =  3.57091
x(60) =  4.98597
x(61) =  1.07223
obj =  40.2475
