modelstatus = 2
x(1) = 3.99456e-06
x(2) =  -3.11497e-06
obj =  6.10222e-11
