modelstatus = 2
x(1) = 1
x(2) =  3.96567e-43
x(3) =  0
x(4) =  3.58732e-43
x(5) =  3.57857e-43
x(6) =  2.53635e-43
x(7) =  1.19811e-43
x(8) =  0
x(9) =  1.51165e-43
x(10) =  5.64898e-44
x(11) =  1.36977e-43
x(12) =  0
x(13) =  9.00334e-44
x(14) =  1.02645e-43
x(15) =  5.58922e-44
x(16) =  0
x(17) =  0
x(18) =  0
x(19) =  0
x(20) =  0
x(21) =  2.10195e-43
x(22) =  2.55732e-43
x(23) =  2.52405e-43
x(24) =  0
x(25) =  0
x(26) =  0
x(27) =  0
x(28) =  0
x(29) =  0
x(30) =  8.62499e-43
x(31) =  4.48416e-44
x(32) =  1.12104e-44
x(33) =  0
x(34) =  1.68156e-43
x(35) =  0
x(36) =  0
x(37) =  4.0514e-44
x(38) =  0
x(39) =  2.94273e-44
x(40) =  0
x(41) =  5.43704e-43
x(42) =  0
x(43) =  6.15523e-44
x(44) =  0
x(45) =  0
x(46) =  2.56353e-43
x(47) =  3.92535e-43
x(48) =  0
x(49) =  1.26117e-43
x(50) =  9.49314e-43
x(51) =  6.54953e-43
x(52) =  7.9874e-43
x(53) =  0
x(54) =  5.46506e-44
x(55) =  1.85973e-43
x(56) =  0
x(57) =  0
x(58) =  0
x(59) =  5.14499e-43
x(60) =  1.64302e-43
x(61) =  1.20938e-43
x(62) =  7.06955e-43
x(63) =  0
x(64) =  5.27196e-44
x(65) =  1.26117e-43
x(66) =  0
x(67) =  0
x(68) =  0
x(69) =  8.54091e-43
x(70) =  0
x(71) =  0
x(72) =  0
x(73) =  0
x(74) =  0
x(75) =  1.82169e-44
x(76) =  0
x(77) =  0
x(78) =  0
x(79) =  0
x(80) =  0
x(81) =  6.51604e-44
x(82) =  2.13473e-43
x(83) =  2.11596e-43
x(84) =  0
x(85) =  4.48634e-44
x(86) =  5.61934e-43
x(87) =  4.86251e-43
x(88) =  6.02235e-46
x(89) =  1.20161e-43
x(90) =  2.21755e-43
x(91) =  0
x(92) =  2.8026e-44
x(93) =  2.2631e-43
x(94) =  2.83588e-43
x(95) =  1.82869e-43
x(96) =  4.06765e-43
x(97) =  4.58817e-43
x(98) =  3.3491e-43
x(99) =  3.08286e-44
x(100) =  0
obj =  -0.5
