modelstatus =         1.00
x(1) =     0.0275570978
x(2) =     0.0294935142
x(3) =     0.0294935142
x(4) =     0.0294935142
x(5) =     0.0308880558
x(6) =     0.0753239764
x(7) =     0.2775884175
x(8) =     0.4962419130
x(9) =     1.0000137471
obj =     0.0000000000
infeas =         0.00
nonopt =         0.00
