modelstatus = 2
x(1) = 0.00345565
x(2) =  -0.999994
obj =  -0.999994
