modelstatus =         2.00
x(1) =     0.0824105614
x(2) =     1.1330361449
x(3) =     2.3436951293
obj =     0.0082148773
infeas =         0.00
nonopt =         0.00
