modelstatus =         2.00
x(1) =     0.8570719433
x(2) =     0.5639426415
x(3) =     0.5639426437
x(4) =     1.5707963288
x(5) =     2.3999999811
x(6) =     1.2000000005
x(7) =     1.2000000090
obj =    -3.4560000000
infeas =         0.00
nonopt =         0.00
