modelstatus = 2
x(1) = 0.3
x(2) =  0.333467
x(3) =  0.4
x(4) =  0.428309
x(5) =  0.223966
obj =  -32.3487
