modelstatus = 2
x(1) = 0.164213
x(2) =  -0.0520467
x(3) =  0.313294
x(4) =  0.14182
x(5) =  0.134356
x(6) =  0.19649
x(7) =  0.157555
x(8) =  0.1628
x(9) =  0.172282
x(10) =  0.164212
obj =  0.927174
