modelstatus =         2.00
x(1) =    -0.0898420164
x(2) =     0.7126563955
obj =    -1.0316284535
infeas =         0.00
nonopt =         0.00
