modelstatus = 2
x(1) = 9.00001
x(2) =  1.31933e-10
x(3) =  7.91046e-11
x(4) =  1.54484e-10
x(5) =  4.41398e-09
x(6) =  0
x(7) =  9.42952e-22
x(8) =  0
x(9) =  1
x(10) =  0
x(11) =  2.03093e-10
x(12) =  2
x(13) =  0
x(14) =  1
x(15) =  1.16508e-21
x(16) =  9.89799e-11
x(17) =  6.03648e-10
x(18) =  9.50053e-11
x(19) =  7.60688e-11
x(20) =  0
x(21) =  3.25827e-10
x(22) =  1.00751e-21
x(23) =  3
x(24) =  4.26406e-11
x(25) =  1.01847e-21
x(26) =  1
x(27) =  1.90123e-10
x(28) =  2.01933e-10
x(29) =  5.85921e-12
x(30) =  0
x(31) =  9.78495e-22
x(32) =  3.73886e-22
x(33) =  1.34264e-08
x(34) =  4
x(35) =  4.1853e-23
x(36) =  5.36233e-12
x(37) =  1.91867e-10
x(38) =  1
x(39) =  9.65781e-12
x(40) =  1.96538e-21
x(41) =  4.58778e-10
x(42) =  1.24687e-21
x(43) =  0
x(44) =  0
x(45) =  4.99999
x(46) =  9.59211e-11
x(47) =  1.36083e-11
x(48) =  5.97426e-11
x(49) =  0
x(50) =  1
x(51) =  3.66958e-22
x(52) =  0
x(53) =  0
x(54) =  0
x(55) =  8.06125e-12
x(56) =  6.00001
x(57) =  3.58439e-11
x(58) =  3.24404e-11
x(59) =  4.0774e-12
x(60) =  0
x(61) =  7.21301e-22
x(62) =  0.999999
x(63) =  3.37551e-10
x(64) =  0
x(65) =  0
x(66) =  7.75243e-22
x(67) =  7
x(68) =  1.22331e-10
x(69) =  4.57762e-11
x(70) =  0
x(71) =  2.3122e-10
x(72) =  1.23226e-21
x(73) =  2.19593e-10
x(74) =  1
x(75) =  0
x(76) =  1.80206e-10
x(77) =  0
x(78) =  1
x(79) =  7.74169e-10
x(80) =  4.19092e-11
x(81) =  2.74986e-22
x(82) =  2.0117e-21
x(83) =  2.32934e-21
x(84) =  0
x(85) =  0
x(86) =  1.16467e-21
x(87) =  1
x(88) =  0
x(89) =  8
x(90) =  0.999999
x(91) =  5.2588e-22
x(92) =  4.19033e-23
x(93) =  1.99697e-21
x(94) =  4.20686e-11
x(95) =  0
x(96) =  8.41758e-11
x(97) =  6.33067e-22
x(98) =  7.63797e-10
x(99) =  3.20427e-10
x(100) =  9.99998
x(101) =  4.36958e-22
x(102) =  6.01654e-10
x(103) =  8.07851e-11
x(104) =  0
x(105) =  4.63882e-11
x(106) =  3.02955e-23
x(107) =  1.94446e-21
x(108) =  2.45312e-11
x(109) =  0
x(110) =  1
obj =  2.50329e-11
