modelstatus =         1.00
x(1) =  3031.2511808700
x(2) =  1698.1264406600
x(3) = 15822.5840284000
x(4) =    54.0883239537
x(5) =  2000.0000000000
x(6) =    10.4954399164
x(7) =     1.5616363636
x(8) =    95.0000000000
x(9) =    90.1134424926
x(10) =   153.5353535350
x(11) =  1099.0370555200
x(12) =    -4.1858618383
obj = -1768.8073760400
infeas =         0.00
nonopt =         0.00
