modelstatus = 2
x(1) = 1.15592e-07
x(2) =  2.56387e-07
obj =  0
