modelstatus = 2
x(1) = 0.0899841
x(2) =  0.0899841
x(3) =  0.0899841
x(4) =  0.0899841
x(5) =  0.0899841
x(6) =  0.0899841
x(7) =  0.0899841
x(8) =  0.0899841
x(9) =  0.0899841
x(10) =  0.0899841
x(11) =  0.0899841
x(12) =  0.0899841
x(13) =  0.0899841
x(14) =  0.0899841
x(15) =  0.0899841
x(16) =  0.0899841
x(17) =  0.0899841
x(18) =  0.0899841
x(19) =  0.0899841
x(20) =  0.0899841
x(21) =  0.0899841
x(22) =  0.0899841
x(23) =  0.0899841
x(24) =  0.0899841
x(25) =  0.0899841
x(26) =  0.0899841
x(27) =  0.0899841
x(28) =  0.0899841
x(29) =  0.0899841
x(30) =  0.0899841
x(31) =  0.0899841
x(32) =  0.0899841
x(33) =  0.0899841
x(34) =  0.0899841
x(35) =  0.0899841
x(36) =  0.0899841
x(37) =  0.0899841
x(38) =  0.0899841
x(39) =  0.0899841
x(40) =  0.0899841
x(41) =  0.0899841
x(42) =  0.0899841
x(43) =  0.0899841
x(44) =  0.0899841
x(45) =  0.0899841
x(46) =  0.0899841
x(47) =  0.0899841
x(48) =  0.0899841
x(49) =  0.0899841
x(50) =  0.0899841
x(51) =  1.41553e-15
obj =  1.41553e-15
