modelstatus = 2
x(1) = 9.35027
x(2) =  9.35027
x(3) =  9.35027
x(4) =  9.35027
x(5) =  9.35027
x(6) =  9.35027
x(7) =  9.35027
x(8) =  9.35027
x(9) =  9.35027
x(10) =  9.35027
obj =  -45.7785
