modelstatus =         2.00
x(1) =     2.3304993729
x(2) =     1.9513723729
x(3) =    -0.4775413924
x(4) =     4.3657262337
x(5) =    -0.6244869705
x(6) =     1.0381310186
x(7) =     1.5942267116
obj =   680.6300573744
infeas =         0.00
nonopt =         0.00
