modelstatus = 2
x(1) = 1
x(2) =  -1.17236e-08
x(3) =  1.38163e-08
x(4) =  -7.33637e-09
x(5) =  2.69546e-08
x(6) =  -3.57783e-09
x(7) =  1.91776e-08
x(8) =  1.61305e-08
x(9) =  1.83637e-08
x(10) =  2.04597e-09
x(11) =  1.17235e-08
x(12) =  1
x(13) =  5.85153e-08
x(14) =  -1.98766e-08
x(15) =  4.6124e-10
x(16) =  5.8375e-10
x(17) =  2.13556e-08
x(18) =  4.13818e-10
x(19) =  -3.9595e-09
x(20) =  6.99954e-09
x(21) =  -1.91776e-08
x(22) =  -2.13556e-08
x(23) =  -3.2654e-08
x(24) =  -1.86974e-08
x(25) =  6.88169e-09
x(26) =  5.10444e-08
x(27) =  1
x(28) =  -8.35958e-09
x(29) =  1.5048e-08
x(30) =  -1.07719e-08
x(31) =  3.57783e-09
x(32) =  -5.83746e-10
x(33) =  -4.56521e-08
x(34) =  3.54458e-08
x(35) =  9.53232e-08
x(36) =  1
x(37) =  -5.10444e-08
x(38) =  2.29756e-08
x(39) =  -7.7672e-09
x(40) =  -3.10602e-09
x(41) =  1.38163e-08
x(42) =  5.85153e-08
x(43) =  -1
x(44) =  1.28025e-07
x(45) =  2.58838e-08
x(46) =  -4.56521e-08
x(47) =  -3.2654e-08
x(48) =  4.19878e-09
x(49) =  1.42807e-08
x(50) =  4.59844e-09
x(51) =  -7.33636e-09
x(52) =  -1.98766e-08
x(53) =  -1.28025e-07
x(54) =  -1
x(55) =  -1.707e-07
x(56) =  3.54459e-08
x(57) =  -1.86974e-08
x(58) =  2.04012e-08
x(59) =  -2.40354e-08
x(60) =  -6.15783e-09
x(61) =  -1.83637e-08
x(62) =  3.9595e-09
x(63) =  1.42807e-08
x(64) =  -2.40354e-08
x(65) =  2.04137e-08
x(66) =  7.7672e-09
x(67) =  -1.5048e-08
x(68) =  4.29626e-08
x(69) =  1
x(70) =  -5.50609e-08
x(71) =  -1.61305e-08
x(72) =  -4.13817e-10
x(73) =  4.19878e-09
x(74) =  2.04012e-08
x(75) =  -1.57948e-08
x(76) =  -2.29756e-08
x(77) =  8.35958e-09
x(78) =  1
x(79) =  -4.29626e-08
x(80) =  -4.83808e-08
x(81) =  2.69546e-08
x(82) =  4.61244e-10
x(83) =  -2.58838e-08
x(84) =  1.707e-07
x(85) =  -1
x(86) =  9.53232e-08
x(87) =  6.88169e-09
x(88) =  -1.57948e-08
x(89) =  2.04137e-08
x(90) =  1.03207e-08
x(91) =  -2.04597e-09
x(92) =  -6.99954e-09
x(93) =  4.59844e-09
x(94) =  -6.15783e-09
x(95) =  1.03207e-08
x(96) =  3.10602e-09
x(97) =  1.07719e-08
x(98) =  4.83808e-08
x(99) =  5.50608e-08
x(100) =  1
x(101) =  0.1
x(102) =  0.2
x(103) =  0.7
x(104) =  0.6
x(105) =  0.3
x(106) =  0.4
x(107) =  0.9
x(108) =  0.8
x(109) =  0.5
x(110) =  1
obj =  5.75692e-13
