modelstatus =         2.00
x(1) =     0.3233974136
x(2) =     0.6773913335
x(3) =     1.0669128082
x(4) =     1.4989503164
x(5) =     1.9816549149
x(6) =     2.5282931385
x(7) =     3.1500080424
x(8) =     3.8654930164
x(9) =     4.6861464282
x(10) =     5.6093777656
x(11) =    -0.9462632080
x(12) =    -1.8815127885
x(13) =    -2.8025310670
x(14) =    -3.7043875461
x(15) =    -4.5801710220
x(16) =    -5.4175410077
x(17) =    -6.2007888092
x(18) =    -6.8994175106
x(19) =    -7.4708518924
x(20) =    -7.8551069290
x(21) =    -7.9917363135
x(22) =     0.0002332921
x(23) =    -0.0008449018
x(24) =    -0.0020340664
x(25) =    -0.0030986972
x(26) =    -0.0057495588
x(27) =    -0.0071606359
x(28) =    -0.0077424496
x(29) =    -0.0085349734
x(30) =    -0.0093837181
x(31) =    -0.0102825825
x(32) =    -0.0112149340
obj = -2.3077775263E+4
infeas =         0.00
nonopt =         0.00
