modelstatus =         2.00
x(1) =   669.1097610568
x(2) =  1131.6631461900
x(3) =     0.1329592126
x(4) =    -0.3604243084
x(5) =   252.0000000000
x(6) =   252.0000000000
x(7) =   209.2124685812
x(8) =   386.4424559462
x(9) =   327.9904896060
obj =  5326.8513300862
infeas =         0.00
nonopt =         0.00
