modelstatus =         2.00
x(1) =   196.1411380020
x(2) =    -3.8935358554
x(3) =     0.3135903698
x(4) =    35.8715875822
x(5) =    26.2156120115
x(6) =    19.1588509447
x(7) =    14.0016396270
x(8) =    10.2326549341
x(9) =     7.4782112966
x(10) =     5.4652135204
x(11) =     3.9940788853
x(12) =     2.9189458064
x(13) =     2.1332190557
x(14) =     1.5589958256
x(15) =     1.1393416763
obj =     2.5872430711
infeas =         0.00
nonopt =         0.00
