modelstatus = 2
x(1) = 10
x(2) =  10
x(3) =  10
x(4) =  10
x(5) =  10
x(6) =  10
x(7) =  10
x(8) =  10
x(9) =  10
x(10) =  10
x(11) =  10
x(12) =  0
x(13) =  -4.16761e-11
x(14) =  -2.95939e-13
x(15) =  -2.51405e-13
x(16) =  -2.13748e-13
x(17) =  -1.81191e-13
x(18) =  -1.45115e-13
x(19) =  -1.06187e-13
x(20) =  -6.88435e-14
x(21) =  -3.55388e-14
x(22) =  0
x(23) =  0.2
x(24) =  0.2
x(25) =  0.2
x(26) =  0.2
x(27) =  0.2
x(28) =  0.2
x(29) =  0.2
x(30) =  0.2
x(31) =  0.2
x(32) =  0.2
obj =  550
