modelstatus = 2
x(1) = 0.305019
x(2) =  9.83047e-21
x(3) =  3.53082e-21
x(4) =  2.35611e-22
x(5) =  0.265273
x(6) =  0.0477643
x(7) =  6.7188e-22
x(8) =  1.03456e-22
x(9) =  2.94426e-21
x(10) =  0.0640939
x(11) =  0.136266
x(12) =  0.181583
obj =  0.0257918
