modelstatus =         2.00
x(1) =    -0.3783733959
x(2) =    -0.3116266068
x(3) =    -0.3722442312
x(4) =     0.3282442276
x(5) =     2.4943003087
x(6) =    -1.2822270912
x(7) =    -1.3846378395
x(8) =     1.5548658858
obj =     0.0000000000
infeas =         0.00
nonopt =         0.00
