modelstatus = 2
x(1) = 0.5
x(2) =  2.09164
x(3) =  2.09166
obj =  -4.6833
