modelstatus = 2
x(1) = 0.707108
x(2) =  0.707105
x(3) =  -1.41421
obj =  -1.41421
