modelstatus = 2
x(1) = 0.793701
x(2) =  0.707107
x(3) =  0.840896
x(4) =  0.529732
obj =  -0.25
