modelstatus =         2.00
x(1) =    -0.3783733944
x(2) =    -0.3116266056
x(3) =    -0.3722442301
x(4) =     0.3282442301
x(5) =     2.4943003121
x(6) =    -1.2822270943
x(7) =    -1.3846378429
x(8) =     1.5548658788
obj =     0.0000000000
infeas =         0.00
nonopt =         0.00
