modelstatus =         2.00
x(1) =     0.1567940597
x(2) =     0.8432059403
x(3) =     0.5314007635
x(4) =     0.4685992365
x(5) =     0.5439233125
x(6) =     0.1248689013
x(7) =     0.7464026513
x(8) =     0.0000000000
obj =    -4.4832193649
infeas =         0.00
nonopt =         0.00
