modelstatus =         2.00
x(1) =   157.9069488163
x(2) =   144.0930511837
x(3) =     0.0000000000
x(4) =     0.0000000000
x(5) =     0.0000000000
x(6) =   549.2320080803
x(7) =   524.9491880364
x(8) =   392.7631658680
x(9) =   885.0556380153
x(10) =     0.0000000000
x(11) =    73.6513828888
x(12) =     0.0000000000
x(13) =    68.3486171112
x(14) =   230.4478249605
x(15) =     0.0000000000
x(16) =     0.0000000000
x(17) =    71.5521750395
x(18) =     0.0000000000
x(19) =     0.0000000000
x(20) =   226.4614282669
x(21) =   209.9075119515
x(22) =    78.6310597816
x(23) =   188.5203891205
x(24) =   183.6586385351
x(25) =   179.0419430720
x(26) =    67.7790292723
x(27) =   461.3956805955
x(28) =   403.5288297607
x(29) =   385.9215078403
x(30) =   385.6179837246
x(31) =   483.5146657862
x(32) =   623.0213322927
x(33) =   378.0964756542
x(34) =   172.5191453629
x(35) =   121.2054592636
x(36) =    40.1789197193
x(37) =   280.9112169744
x(38) =   136.9364984330
x(39) =    99.1522845926
x(40) =    67.2458041550
x(41) =     0.0000000000
x(42) =     0.0000000000
x(43) =    63.7541958450
x(44) =     0.0000000000
x(45) =   201.3235299446
x(46) =   136.9364984330
x(47) =   195.9566272482
x(48) =    99.1522845926
x(49) =    78.6310597816
x(50) =   193.6213178092
x(51) =     9.9583099177
x(52) =   193.2999321365
x(53) =    12.1204401366
x(54) =     5.0970648646
x(55) =     3.2909129503
x(56) =     0.0000000000
x(57) =    10.2992476187
x(58) =     6.7668500070
x(59) =     3.6120221851
x(60) =     0.0000000000
x(61) =     0.0000000000
x(62) =     0.0000000000
x(63) =     0.0000000000
x(64) =     0.0000000000
x(65) =     4.5238002203
x(66) =     0.0000000000
x(67) =     1.1769521611
x(68) =     5.9493529586
x(69) =     3.2378566254
x(70) =     1.9737805223
x(71) =     5.7412133913
x(72) =     0.3309464953
x(73) =     6.1580988964
x(74) =     3.5967842226
x(75) =     2.3991112152
x(76) =     0.8460056657
x(77) =    12.3628519522
x(78) =    12.5792718454
x(79) =    11.2801237889
x(80) =     8.7777524134
x(81) =     9.6727896721
x(82) =     4.3409056172
x(83) =     1.9863047107
x(84) =     0.5918282127
x(85) =     3.8446806334
x(86) =     0.5634911539
x(87) =     0.0000000000
x(88) =     0.0000000000
x(89) =   -10.1766317136
x(90) =     0.0000000000
x(91) =   -90.0000000000
x(92) =    -4.8748600206
x(93) =   -24.3599912657
x(94) =     1.2089828244
x(95) =     0.0000000000
x(96) =     0.1204007395
x(97) =     0.0000000000
x(98) =     0.0000000000
x(99) =     0.0000000000
x(100) =     0.0000000000
x(101) =     0.0000000000
x(102) =     1.1325133807
x(103) =     0.0000000000
x(104) =     0.1507933407
x(105) =     0.0000000000
x(106) =     5.6044082457
x(107) =     1.0989201735
x(108) =     2.8664409895
x(109) =     0.8598035264
x(110) =     1.7603994425
x(111) =     1.1181574974
x(112) =     2.6341016091
x(113) =     1.3885359472
x(114) =     0.6424807451
x(115) =     0.0000000000
x(116) =     0.0000000000
x(117) =     0.0000000000
x(118) =     0.6424807451
x(119) =     1.1731489876
x(120) =     0.0000000000
x(121) =     0.5567815471
x(122) =     0.0000000000
x(123) =     2.0000000000
x(124) =     2.3414962052
x(125) =     0.0000000000
x(126) =     0.2711940802
x(127) =     0.0000000000
x(128) =     4.7081191897
x(129) =     0.6075236309
x(130) =     4.1176411200
x(131) =     0.4413084400
x(132) =     0.1016154073
x(133) =     1.3664969710
x(134) =     3.9379745698
x(135) =     0.0500881026
x(136) =     5.3566243677
x(137) =     0.9568050777
x(138) =     4.9338231203
x(139) =     0.1046179699
x(140) =    13.5166871674
x(141) =     0.0000000000
x(142) =     6.3573605336
x(143) =     0.0000000000
obj = 8.29366550771E+6
infeas =         0.00
nonopt =         0.00
