modelstatus =         2.00
x(1) =     0.6770047229
x(2) =     0.7260896998
x(3) =     1.2154910658
x(4) =     1.4770945700
x(5) =     1.7513288314
obj =    -0.0267141827
infeas =         0.00
nonopt =         0.00
