modelstatus = 0.00
X(1) = 	0.3320037
X(2) = 	4.677654
X(3) = 	-1.734741
obj = -1047.858
infeas =         0.00
nonopt =         0.00
