modelstatus =         2.00
x(1) =    10.0000000000
x(2) =    10.0000000000
x(3) =     9.9993747172
x(4) =     9.9987499829
x(5) =     9.9981268566
x(6) =     9.9975063880
x(7) =     9.9968896158
x(8) =     9.9962775663
x(9) =     9.9956712524
x(10) =     9.9950716722
x(11) =     9.9944798078
x(12) =     9.9938966241
x(13) =     9.9933230677
x(14) =     9.9927600657
x(15) =     9.9922085248
x(16) =     9.9916693298
x(17) =     9.9911433430
x(18) =     9.9906314027
x(19) =     9.9901343225
x(20) =     9.9896528904
x(21) =     9.9891878675
x(22) =     9.9887399874
x(23) =     9.9883099552
x(24) =     9.9878984468
x(25) =     9.9875061077
x(26) =     9.9871335528
x(27) =     9.9867813651
x(28) =     9.9864500954
x(29) =     9.9861402615
x(30) =     9.9858523477
x(31) =     9.9855868040
x(32) =     9.9853440457
x(33) =     9.9851244528
x(34) =     9.9849283698
x(35) =     9.9847561051
x(36) =     9.9846079305
x(37) =     9.9844840813
x(38) =     9.9843847554
x(39) =     9.9843101137
x(40) =     9.9842602795
x(41) =     9.9842353385
x(42) =     0.2000142024
x(43) =     0.2000281823
x(44) =     0.2000419277
x(45) =     0.2000554279
x(46) =     0.2000686722
x(47) =     0.2000816504
x(48) =     0.2000943525
x(49) =     0.2001067685
x(50) =     0.2001188888
x(51) =     0.2001307042
x(52) =     0.2001422054
x(53) =     0.2001533836
x(54) =     0.2001642302
x(55) =     0.2001747369
x(56) =     0.2001848955
x(57) =     0.2001946984
x(58) =     0.2002041379
x(59) =     0.2002132069
x(60) =     0.2002218986
x(61) =     0.2002302063
x(62) =     0.2002381237
x(63) =     0.2002456449
x(64) =     0.2002527644
x(65) =     0.2002594767
x(66) =     0.2002657769
x(67) =     0.2002716604
x(68) =     0.2002771230
x(69) =     0.2002821605
x(70) =     0.2002867695
x(71) =     0.2002909466
x(72) =     0.2002946888
x(73) =     0.2002979936
x(74) =     0.2003008587
x(75) =     0.2003032822
x(76) =     0.2003052625
x(77) =     0.2003067984
x(78) =     0.2003078890
x(79) =     0.2003085339
x(80) =     0.2003087328
x(81) =     0.0000000000
x(82) =    -0.0031264142
x(83) =    -0.0031236715
x(84) =    -0.0031156315
x(85) =    -0.0031023430
x(86) =    -0.0030838611
x(87) =    -0.0030602473
x(88) =    -0.0030315693
x(89) =    -0.0029979010
x(90) =    -0.0029593222
x(91) =    -0.0029159187
x(92) =    -0.0028677821
x(93) =    -0.0028150098
x(94) =    -0.0027577045
x(95) =    -0.0026959748
x(96) =    -0.0026299342
x(97) =    -0.0025597016
x(98) =    -0.0024854008
x(99) =    -0.0024071606
x(100) =    -0.0023251145
x(101) =    -0.0022394004
x(102) =    -0.0021501608
x(103) =    -0.0020575422
x(104) =    -0.0019616954
x(105) =    -0.0018627748
x(106) =    -0.0017609386
x(107) =    -0.0016563484
x(108) =    -0.0015491692
x(109) =    -0.0014395690
x(110) =    -0.0013277187
x(111) =    -0.0012137918
x(112) =    -0.0010979644
x(113) =    -0.0009804149
x(114) =    -0.0008613236
x(115) =    -0.0007408727
x(116) =    -0.0006192462
x(117) =    -0.0004966293
x(118) =    -0.0003732084
x(119) =    -0.0002491710
x(120) =    -0.0001247053
x(121) =     0.0000000000
x(122) =     0.1843679288
obj =  2048.0165417132
infeas =         0.00
nonopt =         0.00
