modelstatus = 2
x(1) = 2.56501e-06
x(2) =  -2.67161e-06
obj =  1.30075e-11
