modelstatus =         2.00
x(1) =     1.4603269699
x(2) =     0.4428062115
x(3) =     0.1637536490
obj =     1.0040405841
infeas =         0.00
nonopt =         0.00
