modelstatus = 2
x(1) = 0.777047
x(2) =  0.5798
x(3) =  0.235374
x(4) =  0.0665752
x(5) =  0.0140272
x(6) =  -0.542495
x(7) =  0.429801
x(8) =  0.631779
x(9) =  0.333219
x(10) =  0.10388
x(11) =  0.301511
x(12) =  -0.603023
x(13) =  0.301511
x(14) =  0.603023
x(15) =  0.301511
x(16) =  -0.10388
x(17) =  0.333219
x(18) =  -0.631779
x(19) =  0.429801
x(20) =  0.542495
x(21) =  0.0140272
x(22) =  -0.0665753
x(23) =  0.235374
x(24) =  -0.5798
x(25) =  0.777047
x(26) =  2.74616
x(27) =  1.20773
x(28) =  6.14109e-08
x(29) =  -1.20773
x(30) =  -2.74616
obj =  2.20425e-13
