modelstatus =         2.00
x(1) =     3.8962652334
x(2) =     0.8093639743
x(3) =     2.6643868843
x(4) =     4.3008821171
x(5) =     0.8535492776
x(6) =     1.0952789089
x(7) =     0.0273101926
obj =   911.8771805022
infeas =         0.00
nonopt =         0.00
