modelstatus =      2.00
x(1) =    -10.401573419855371
x(2) =    12.356231700153083
x(3) =    1.7885194710269761
x(4) =    0.17331382660941788
obj =    4.2276472508718763
infeas =         0.00
nonopt =         0.00
