modelstatus =         2.00
x(1) =     2.0000000000
x(2) =     6.0000000000
x(3) =     9.0000000000
x(4) =    10.0000000000
x(5) =    10.0000000000
x(6) =    10.0000000000
x(7) =    10.0000000000
x(8) =    10.0000000000
x(9) =    10.0000000000
x(10) =    10.0000000000
x(11) =     0.0000000000
x(12) =     0.0000000000
x(13) =     0.0000000000
x(14) =     0.0000000000
x(15) =     0.8092974268
x(16) =     2.0000000000
x(17) =     0.8092974268
x(18) =    -0.3794154982
x(19) =     4.0000000000
x(20) =    -1.1887129250
x(21) =     0.3121184852
x(22) =     3.0000000000
x(23) =     0.6915339834
x(24) =    -0.4440211109
x(25) =     1.0000000000
x(26) =    -0.7561395961
x(27) =    -0.4440211109
x(28) =     0.0000000000
x(29) =     0.0000000000
x(30) =    -0.4440211109
x(31) =     0.0000000000
x(32) =     0.0000000000
x(33) =    -0.6440211024
x(34) =    -0.0000000119
x(35) =    -0.1999999915
x(36) =    -0.4440211109
x(37) =     0.0000000119
x(38) =     0.1999999915
x(39) =    -0.6440211109
x(40) =     0.0000000000
x(41) =    -0.2000000000
x(42) =    -0.6440211109
x(43) =     0.0000000000
x(44) =     0.0000000000
x(45) =     1.0000000000
x(46) =     0.4046487134
x(47) =     1.0000000000
x(48) =    -0.9990051759
x(49) =    -0.5000000000
x(50) =     0.9401234542
x(51) =    -1.0000000000
x(52) =    -0.7238367898
x(53) =    -0.5000000000
x(54) =     0.3780697981
x(55) =     0.0000000000
x(56) =     0.0000000000
x(57) =    -0.0000000060
x(58) =    -0.0999999957
x(59) =     0.0000000119
x(60) =     0.1999999915
x(61) =    -0.0000000060
x(62) =    -0.1999999957
x(63) =     0.0000000000
x(64) =     0.1000000000
obj =     1.8000000000
infeas =         0.00
nonopt =         0.00
