modelstatus =         2.00
x(1) =     0.0000000000
x(2) =    -2.0000000000
x(3) =    -4.0000000026
x(4) =    -3.0000007178
x(5) =    -2.0000272251
x(6) =    -0.9999999607
x(7) =     1.0000279063
x(8) =     2.0000252370
x(9) =     0.0000252311
x(10) =     1.0000225511
x(11) =    -0.9999971306
x(12) =     0.0000290940
x(13) =     0.0000000000
x(14) =     0.0000000000
x(15) =    -0.0000008274
x(16) =     1.7320503961
x(17) =     3.4641482062
x(18) =     1.7320805691
x(19) =     1.7320660014
x(20) =     3.4641496749
x(21) =     3.4641465709
x(22) =     5.1962091651
x(23) =     5.1962258298
x(24) =     6.9282739930
x(25) =     1.0000000000
x(26) =     1.0000000000
x(27) =     1.0000000000
x(28) =     1.0000000000
x(29) =     1.0000274069
x(30) =     1.0000000000
x(31) =     1.0000271128
x(32) =     1.0000000000
x(33) =     1.0000000000
x(34) =     1.0000088602
x(35) =     1.0000108117
x(36) =     1.0000000000
obj =    12.0000749465
infeas =         0.00
nonopt =         0.00
