modelstatus = 2
x(1) = 0.757534
x(2) =  0.795768
x(3) =  0.343258
x(4) =  0.846287
x(5) =  0.996054
x(6) =  0.0887533
x(7) =  0.66878
x(8) =  1.79182
x(9) =  0.142972
obj =  -1
