modelstatus = 2
x(1) = 0.000309737
x(2) =  0.856507
x(3) =  -0.129645
x(4) =  0.272828
obj =  0.272828
