modelstatus =         2.00
x(1) =     0.2146018366
x(2) =    -0.7853981634
x(3) =     0.7853981634
x(4) =    -0.7101438825
x(5) =     0.4152452977
x(6) =    -0.1905712666
x(7) =     0.3741468682
x(8) =     0.2632629530
x(9) =     0.3774594346
x(10) =     0.3622171427
x(11) =     0.3865215166
x(12) =     0.3914898940
x(13) =     0.3957204137
x(14) =     0.3993657819
x(15) =     0.4025393507
x(16) =     0.4053270115
x(17) =     0.4077950261
x(18) =     0.4099953250
x(19) =     0.4119691801
x(20) =     0.4137497998
x(21) =     0.4153642187
x(22) =     0.4168346126
x(23) =     0.4181795625
x(24) =     0.4194138668
x(25) =     0.4205529718
x(26) =     0.4215981536
x(27) =     0.4225974488
x(28) =     0.4234064861
x(29) =     0.4246325728
x(30) =     0.4239242517
x(31) =     0.4305230910
x(32) =     0.4083292925
x(33) =     0.4981827308
x(34) =     0.1517978995
x(35) =     0.5758134808
x(36) =    -0.1423239147
x(37) =     0.6177399380
x(38) =    -0.2974038153
x(39) =    -0.2712486555
x(40) =     0.4261505414
x(41) =     0.4493929501
x(42) =     0.3620769567
x(43) =     0.4352391744
x(44) =     0.4202594143
x(45) =     0.4793961164
x(46) =     0.2547562852
x(47) =     0.4334355989
x(48) =     0.4337429106
x(49) =     0.4340377772
x(50) =     0.4343209395
x(51) =     0.4345930808
x(52) =     0.4348548320
x(53) =     0.4351067770
x(54) =     0.4353494567
x(55) =     0.4355833723
x(56) =     0.4358089922
x(57) =     0.4360267421
x(58) =     0.4362370563
x(59) =     0.4364401969
x(60) =     0.4366369503
x(61) =     0.4368260005
x(62) =     0.4370138784
x(63) =     0.4371773429
x(64) =     0.4374055838
x(65) =     0.4373629929
x(66) =     0.4383177920
x(67) =     0.4354854535
x(68) =     0.4469131950
x(69) =     0.4045624256
x(70) =     0.5648341276
x(71) =    -0.3426555005
x(72) =     0.4385734452
x(73) =     0.4386946030
x(74) =     0.4388668423
x(75) =     0.4388301448
x(76) =     0.4395627343
x(77) =     0.4373888605
x(78) =     0.4461186130
x(79) =     0.4138867638
x(80) =     0.5354169933
x(81) =     0.0798730889
x(82) =     0.4397524678
x(83) =     0.4398550257
x(84) =     0.4399551444
x(85) =     0.4400529481
x(86) =     0.4401483733
x(87) =     0.4402420408
x(88) =     0.4403319904
x(89) =     0.4404259112
x(90) =     0.4404953519
x(91) =     0.4406471128
x(92) =     0.4404818842
x(93) =     0.4414936928
x(94) =     0.4380952936
x(95) =     0.4511778949
x(96) =     0.4026463883
x(97) =     0.5843707071
x(98) =    -0.1549726222
x(99) =     0.4658892288
x(100) =     0.3491411473
x(101) =    -0.4483023974
obj =     0.0000000000
infeas =         0.00
nonopt =         0.00
