modelstatus =         1.00
x(1) =    14.0949983116
x(2) =     0.8429574899
obj = -6961.8175929600
infeas =         0.00
nonopt =         0.00
