modelstatus =      2.00
x(1) =    88.296426392695381
x(2) =    -164.36594236464066
x(3) =    145.98585408570372
x(4) =    -103.30635598041968
x(5) =    55.837368717959144
x(6) =    -17.803661798950365
x(7) =    3.035244482098145
x(8) =    -0.2135157874882537
obj =    0.097602332746923953
infeas =         0.00
nonopt =         0.00
