modelstatus = 2
x(1) = 1
x(2) =  5.91321e-06
x(3) =  3.39308e-06
x(4) =  1
obj =  -1
