modelstatus = 2
x(1) = 0.888031
x(2) =  0.459783
x(3) =  0.315328
x(4) =  8.78968e-07
x(5) =  -3.76183e-06
obj =  1
