modelstatus =         2.00
x(1) =     4.6015949177
x(2) =     1.9558436066
obj =     0.0000000000
infeas =         0.00
nonopt =         0.00
