modelstatus =         2.00
x(1) =     3.6825070370
x(2) =    -0.2305297399
x(3) =    -0.3222530383
x(4) =     0.1201313629
x(5) =    -0.4220612703
x(6) =    -0.4220612243
x(7) =     0.3878682416
x(8) =     0.3878683976
x(9) =     0.3222527109
x(10) =     0.2305300151
x(11) =     0.1201311667
x(12) =     3.3097215144
x(13) =     0.3878680629
x(14) =     0.4220616655
x(15) =    -0.2305302073
x(16) =     0.1201311555
x(17) =    -0.1201312424
x(18) =    -0.3222524365
x(19) =     0.3222526616
x(20) =     0.4220612937
x(21) =     0.3878683691
x(22) =     0.2305299931
x(23) =     3.9189861351
x(24) =    -0.4220610179
x(25) =    -0.2305302115
x(26) =     0.3222528291
x(27) =     0.3878683673
x(28) =     0.3878684160
x(29) =    -0.1201313726
x(30) =    -0.1201311389
x(31) =     0.2305300474
x(32) =     0.4220612791
x(33) =     0.3222526792
x(34) =     2.2846295458
x(35) =     0.3222526122
x(36) =    -0.1201311511
x(37) =    -0.3878684836
x(38) =    -0.2305299710
x(39) =     0.2305299957
x(40) =     0.4220612715
x(41) =    -0.4220612887
x(42) =    -0.1201311898
x(43) =     0.3222527250
x(44) =     0.3878683947
x(45) =     1.7153703729
x(46) =    -0.1201312439
x(47) =     0.3878684157
x(48) =     0.4220612590
x(49) =    -0.3222527800
x(50) =    -0.3222526379
x(51) =    -0.2305298714
x(52) =    -0.2305299768
x(53) =    -0.3878684346
x(54) =     0.1201312104
x(55) =     0.4220612659
x(56) =     2.8308301578
x(57) =    -0.1201310968
x(58) =    -0.3878683945
x(59) =    -0.4220611742
x(60) =     0.3222527837
x(61) =    -0.3222528174
x(62) =    -0.2305301010
x(63) =     0.2305300205
x(64) =    -0.3878683478
x(65) =    -0.1201311502
x(66) =     0.4220612567
x(67) =     1.1691699680
x(68) =     0.3222528007
x(69) =     0.1201312173
x(70) =     0.3878683062
x(71) =     0.2305299916
x(72) =     0.2305301682
x(73) =     0.4220612299
x(74) =     0.4220612334
x(75) =    -0.1201311942
x(76) =    -0.3222527181
x(77) =     0.3878683880
x(78) =     0.6902785326
x(79) =    -0.4220615646
x(80) =     0.2305297434
x(81) =    -0.3222526313
x(82) =    -0.3878683793
x(83) =     0.3878682626
x(84) =    -0.1201309959
x(85) =     0.1201312355
x(86) =     0.2305300283
x(87) =    -0.4220612743
x(88) =     0.3222527303
x(89) =     0.3174929113
x(90) =     0.3878687218
x(91) =    -0.4220608650
x(92) =     0.2305298504
x(93) =    -0.1201312116
x(94) =    -0.1201311342
x(95) =    -0.3222529352
x(96) =    -0.3222527974
x(97) =     0.4220612146
x(98) =    -0.3878684221
x(99) =     0.2305300136
x(100) =     0.0810140779
x(101) =    -0.2305302776
x(102) =     0.3222523913
x(103) =    -0.1201309667
x(104) =     0.4220612895
x(105) =    -0.4220612671
x(106) =     0.3878685907
x(107) =    -0.3878683773
x(108) =     0.3222526820
x(109) =    -0.2305300081
x(110) =     0.1201311765
obj =     0.0000000000
infeas =         0.00
nonopt =         0.00
