modelstatus =         2.00
x(1) =    -0.8190998691
x(2) =    -0.0167760595
x(3) =     2.2502159306
x(4) =     2.6815144979
x(5) =     0.7970982952
x(6) =   -20.2417046303
obj =     0.0000000000
infeas =         0.00
nonopt =         0.00
