modelstatus =         2.00
x(1) =     1.1911274563
x(2) =     1.3626031649
x(3) =     1.4728179315
x(4) =     1.6790814361
x(5) =     1.6350166192
obj =     0.0787768209
infeas =         0.00
nonopt =         0.00
