modelstatus = -1
x(1) =    2.6833406509812927
x(2) =    -22.001287847692403
x(3) =    49.855751384347542
x(4) =    -24.964462571952776
x(5) =    8.7416421444489423
x(6) =    -1.1267247930107025
x(7) =    22.126905431784753
x(8) =    2.0760809350917477
obj =    0.0063393074311630711
infeas = 0
nonopt = 0
