modelstatus = 2
x(1) = 2.50147e-15
x(2) =  4.82915e-19
obj =  1
