modelstatus =         2.00
x(1) =     0.0000000000
x(2) =     0.0000000000
x(3) =     1.0000000000
x(4) =     0.0000000000
obj =     1.3473065979
infeas =         0.00
nonopt =         0.00
