modelstatus = 2
x(1) = 6.01601
x(2) =  5.30918
x(3) =  4.49433
x(4) =  3.50147
x(5) =  2.15266
obj =  1.33996
