modelstatus =         2.00
x(1) =    31.1639078501
x(2) =    35.3528157000
x(3) =    19.4668941985
x(4) =     2.9425483505
x(5) =     4.9425483505
x(6) =     3.4425483505
x(7) =     4.5582764500
x(8) =     0.3693686000
x(9) =     4.1889078500
x(10) =     2.5607508514
x(11) =    24.1207187309
x(12) =     5.1560128454
x(13) =    18.9647058854
x(14) =     7.2145753838
x(15) =     2.4280064227
x(16) =     2.7280064227
x(17) =    11.7501305016
x(18) =     5.8750652508
x(19) =     5.8750652508
obj =    11.1491091415
infeas =         0.00
nonopt =         0.00
