modelstatus =         2.00
x(1) =     9.5382202091
x(2) =   -39.0258837108
x(3) =    47.1358968312
x(4) =   -16.1276972802
x(5) =     4.0359298475
x(6) =    -0.3512432178
x(7) =    19.0006882933
x(8) =     1.1385711876
obj =     0.0002245742
infeas =         0.00
nonopt =         0.00
