modelstatus =         2.00
x(1) =     0.8630817683
x(2) =     1.5611172927
x(3) =     1.7153634360
x(4) =     2.3172775437
x(5) =     2.2097815495
obj =     1.2883829005
infeas =         0.00
nonopt =         0.00
