modelstatus =      2.00
x(1) =    -9.1483302788659291
x(2) =    12.258724442591646
x(3) =    1.3315989154087555
x(4) =    0.12917343476400014
obj =    6.8351385999014331
infeas =         0.00
nonopt =         0.00
