modelstatus =         2.00
x(1) =     8.8818247097
x(2) =   -33.6522105642
x(3) =    38.4211617348
x(4) =   -13.6017896127
x(5) =     3.4375733700
x(6) =    -0.3541504686
x(7) =     0.0076804665
x(8) =    13.7707842442
obj =     0.0000533894
infeas =         0.00
nonopt =         0.00
