modelstatus =         2.00
x(1) =     1.7954028495
x(2) =     1.3778597780
obj =     0.1690426792
infeas =         0.00
nonopt =         0.00
