modelstatus = 2
x(1) = 0.24705
x(2) =  0.0989776
x(3) =  0.0563574
x(4) =  0.0357704
x(5) =  0.0241062
x(6) =  0.0168416
x(7) =  0.0119985
x(8) =  0.0135252
x(9) =  -0.0126774
x(10) =  -0.960893
x(11) =  -0.966805
x(12) =  0.0895921
x(13) =  0.0214784
x(14) =  0.00522488
x(15) =  0.000447464
x(16) =  -0.000955102
x(17) =  -0.00117774
x(18) =  -0.00156655
x(19) =  0.0014694
x(20) =  -0.238117
x(21) =  -0.0635856
x(22) =  -0.988568
x(23) =  -0.0357795
x(24) =  -0.0288344
x(25) =  -0.0232135
x(26) =  -0.0178983
x(27) =  -0.0134111
x(28) =  -0.0154319
x(29) =  0.014466
x(30) =  -0.122591
x(31) =  0.00154055
x(32) =  0.0484861
x(33) =  -0.984791
x(34) =  -0.111224
x(35) =  -0.0702663
x(36) =  -0.048835
x(37) =  -0.034961
x(38) =  -0.0395399
x(39) =  0.0370622
x(40) =  -0.0614206
x(41) =  0.0101521
x(42) =  0.0409254
x(43) =  0.13476
x(44) =  -0.963569
x(45) =  -0.154309
x(46) =  -0.100988
x(47) =  -0.0702672
x(48) =  -0.0786298
x(49) =  0.073699
x(50) =  -0.0305195
x(51) =  0.00925541
x(52) =  0.0246258
x(53) =  0.0733774
x(54) =  0.208198
x(55) =  -0.930544
x(56) =  -0.181651
x(57) =  -0.124501
x(58) =  -0.138436
x(59) =  0.129751
x(60) =  -0.0151843
x(61) =  0.0066512
x(62) =  0.0147632
x(63) =  0.0378976
x(64) =  0.103986
x(65) =  0.287194
x(66) =  -0.875658
x(67) =  -0.20432
x(68) =  -0.226722
x(69) =  0.212496
x(70) =  -0.00752898
x(71) =  0.004071
x(72) =  0.0082796
x(73) =  0.0193216
x(74) =  0.0500207
x(75) =  0.136677
x(76) =  0.401606
x(77) =  -0.761747
x(78) =  -0.355141
x(79) =  0.332858
x(80) =  -0.00359214
x(81) =  0.0018792
x(82) =  0.00365729
x(83) =  0.00812526
x(84) =  0.0202397
x(85) =  0.0544828
x(86) =  0.159949
x(87) =  0.596092
x(88) =  -0.599104
x(89) =  0.506734
x(90) =  -0.00143015
x(91) =  7.74319e-05
x(92) =  0.000148253
x(93) =  0.000325223
x(94) =  0.00079872
x(95) =  0.00214412
x(96) =  0.0063619
x(97) =  0.0240487
x(98) =  0.660422
x(99) =  0.750482
x(100) =  -5.74624e-05
x(101) =  0.146086
x(102) =  -0.374352
x(103) =  0.0600333
x(104) =  0.234125
x(105) =  -0.617601
x(106) =  0.224378
x(107) =  0.273975
x(108) =  -0.836148
x(109) =  0.398002
x(110) =  0.306028
x(111) =  -1.03623
x(112) =  0.576024
x(113) =  0.335729
x(114) =  -1.22891
x(115) =  0.773319
x(116) =  0.350061
x(117) =  -1.41729
x(118) =  1.0407
x(119) =  0.310352
x(120) =  -1.57361
x(121) =  1.58489
x(122) =  0.0474966
x(123) =  -1.42445
x(124) =  13.6879
x(125) =  0.00348808
x(126) =  14.6042
x(127) =  2.89522e-07
obj =  0.0358171
