modelstatus =         2.00
x(1) =     0.2504781910
x(2) =     0.0008165176
x(3) =     0.0280865334
x(4) =     0.0998372892
x(5) =     0.0000039728
x(6) =     0.0001360238
x(7) =     0.0004834328
x(8) =     0.0005669924
x(9) =     0.0010247938
x(10) =     0.1960316626
x(11) =     0.0000000000
x(12) =     0.0000000000
x(13) =     0.0000000000
x(14) =     0.0000000000
x(15) =     0.0000000000
x(16) =     0.0019962278
x(17) =     0.0000000000
x(18) =     0.0000016706
x(19) =     0.0039276053
x(20) =     0.0012011283
obj =   -30.7315306709
infeas =         0.00
nonopt =         0.00
