modelstatus = 2
x(1) = 0.987812
x(2) =  0.987811
x(3) =  1
x(4) =  1.00609
x(5) =  1
obj =  1.38161e-09
