modelstatus = 2
x(1) = 0.69482
x(2) =  0.768169
obj =  0
