modelstatus =         2.00
x(1) =     0.1171561937
x(2) =     0.8828438063
x(3) =     0.4681390526
x(4) =     0.5318609474
x(5) =     0.4584488947
x(6) =     0.0294347652
x(7) =     0.6148514418
x(8) =     0.0525357126
obj =    -4.4121717125
infeas =         0.00
nonopt =         0.00
