modelstatus =         2.00
x(1) =     0.2016625606
x(2) =     0.1476768507
x(3) =     0.4768667692
x(4) =     0.2753176613
x(5) =     0.3116642775
x(6) =     0.6572686392
obj =    -3.3228868916
infeas =         0.00
nonopt =         0.00
