modelstatus = 2
x(1) = 0.00372347
x(2) =  -0.999993
obj =  -0.999993
