modelstatus =         2.00
x(1) =     1.3333333333
x(2) =     0.7777777778
x(3) =     0.4444444444
obj =     0.1111111111
infeas =         0.00
nonopt =         0.00
