modelstatus =      1.00
x(1) =    -1e+20
x(2) =    -96236409.996014908
obj =    -9.9999999999999977e+59
infeas =         0.00
nonopt =         0.00
