modelstatus = 2
x(1) = 1
x(2) =  1.32507e-09
x(3) =  -5.74407e-05
obj =  1
