modelstatus =         2.00
x(1) =     0.9999997412
x(2) =     0.0000959661
obj =    -1.0000505725
infeas =         0.00
nonopt =         0.00
