modelstatus = 2
x(1) = 0.299999
x(2) =  0.333468
x(3) =  0.399998
x(4) =  0.428312
x(5) =  0.223966
x(6) =  3.32546e-39
x(7) =  0
x(8) =  5.17406
x(9) =  6.18759e-21
x(10) =  3.06111
x(11) =  11.8396
x(12) =  2.1943e-20
x(13) =  0
x(14) =  0.103912
x(15) =  7.32947e-22
obj =  32.3487
