modelstatus = 2
x(1) = 2
x(2) =  3.52381
x(3) =  8
x(4) =  7.32852
x(5) =  4
x(6) =  0.931507
x(7) =  0.709683
x(8) =  0.675483
x(9) =  0.501811
x(10) =  0.775392
x(11) =  1
x(12) =  0.781821
x(13) =  1
x(14) =  0.829286
x(15) =  0.111667
x(16) =  0.817812
x(17) =  0.743768
x(18) =  0.938481
x(19) =  0.61358
x(20) =  1
x(21) =  0.691209
x(22) =  1
x(23) =  0.919566
x(24) =  0.830827
x(25) =  0.97454
x(26) =  0.933849
x(27) =  0.571532
x(28) =  0.498603
x(29) =  0.910953
x(30) =  1
obj =  -16.4198
