modelstatus = 2
x(1) = 0.00318784
x(2) =  -0.999995
obj =  -0.999995
