modelstatus = 2
x(1) = 0.538247
x(2) =  -0.176258
x(3) =  -0.42079
obj =  0.538247
