modelstatus = 2
x(1) = 1.22437
x(2) =  1.5
obj =  0.0504262
