modelstatus = 2
x(1) = 37.537
x(2) =  -1.73023
x(3) =  40.7938
x(4) =  0.83021
x(5) =  3.70895
x(6) =  -0.177227
obj =  2.12809
