modelstatus =         2.00
x(1) =     5.9395048082
x(2) =     6.7825921360
x(3) =     6.7254337222
x(4) =     6.4588050589
x(5) =     6.5022901709
x(6) =     1.3116451232
x(7) =     1.5726112930
x(8) =     1.8313679821
x(9) =     1.0637969518
x(10) =     1.3026776326
x(11) =     0.5446528672
x(12) =     0.2836866974
x(13) =     0.8046103916
x(14) =     0.6451704180
x(15) =     0.0056551871
x(16) =     0.1599784798
x(17) =     8.0063675677
x(18) =     7.7832240163
x(19) =     7.5881634338
x(20) =     8.0063675677
x(21) =     7.8885845320
x(22) =     7.7901444592
x(23) =     0.5817402721
x(24) =     0.7808440534
x(25) =     0.3808076649
x(26) =     0.5323124786
x(27) =     0.9959206448
x(28) =     0.8658120798
x(29) =     0.0179094814
x(30) =     0.0103047177
x(31) =     0.0000000000
x(32) =     0.0014231414
x(33) =     0.0000000000
x(34) =     0.0024864026
x(35) =     0.0791301604
x(36) =     0.0451375698
x(37) =     0.1869162387
x(38) =     0.0076324160
x(39) =     0.0000000000
x(40) =     0.0845448383
x(41) =     0.3212200861
x(42) =     0.1637136591
x(43) =     0.4322760963
x(44) =     0.4586319640
x(45) =     0.0040793552
x(46) =     0.0471566793
obj = 2.59177945161E+5
infeas =         0.00
nonopt =         0.00
