modelstatus = 2
x(1) = 0.999915
x(2) =  0.99983
x(3) =  0.999661
x(4) =  0.999322
x(5) =  0.998644
x(6) =  0.997289
x(7) =  0.994585
x(8) =  0.989199
x(9) =  0.978515
x(10) =  0.957491
obj =  7.24173e-09
