modelstatus =         2.00
x(1) =     4.0000000000
x(2) =     9.0000000000
obj =   -18.2000000000
infeas =         0.00
nonopt =         0.00
