modelstatus =  -2.00
X(1) = 	0.9142852
X(2) = 	-0.3345477E-06
X(3) = 	0.5641203
X(4) = 	0.4566165
X(5) = 	-0.8877863E-05
X(6) = 	0.4718574
X(7) = 	-0.7046038E-01
X(8) = 	-0.2412343E-01
X(9) = 	-0.1101222E-01
X(10) = 	-0.6253780E-02
X(11) = 	-0.4020368E-02
X(12) = 	-0.2798760E-02
X(13) = 	-0.2059277E-02
X(14) = 	-0.1578153E-02
X(15) = 	-0.1247760E-02
X(16) = 	-0.1011164E-02
X(17) = 	-0.8359660E-03
X(18) = 	-0.7026310E-03
X(19) = 	-0.5988158E-03
X(20) = 	-0.5164111E-03
X(21) = 	-0.4499112E-03
X(22) = 	-0.3954728E-03
X(23) = 	-0.3503466E-03
X(24) = 	-0.3125241E-03
X(25) = 	-0.2805105E-03
X(26) = 	-0.2531746E-03
X(27) = 	-0.2296476E-03
X(28) = 	-0.2092535E-03
X(29) = 	-0.1914599E-03
X(30) = 	-0.1758428E-03
X(31) = 	-0.1620612E-03
X(32) = 	-0.1498383E-03
X(33) = 	-0.1389478E-03
X(34) = 	-0.1292027E-03
X(35) = 	-0.1204479E-03
obj = 1.362647
infeas =         0.00
nonopt =         0.00
