modelstatus = 2
x(1) = 0.3989
x(2) =  0.999863
x(3) =  1.05006e-19
obj =  0
