modelstatus =         2.00
x(1) =     0.0000000000
x(2) =     0.0000000000
x(3) =     0.0000000000
x(4) =     0.0000000000
x(5) =     0.0000000000
x(6) =     0.0000000000
x(7) =     0.0000000000
x(8) = 31750.0000000000
x(9) =     0.0000000000
x(10) =     0.0000000000
x(11) =     0.0000000000
x(12) =  1250.0000000000
x(13) = -1.0000000000E+4
x(14) =  -800.0000000000
x(15) =  2500.0000000000
x(16) = -4.0000000000E+4
x(17) = -1600.0000000000
x(18) =  6250.0000000000
x(19) = -1.6000000000E+5
x(20) = -3200.0000000000
x(21) = 10000.0000000000
x(22) = -3.6000000000E+5
x(23) = -4800.0000000000
x(24) = 13750.0000000000
x(25) = -6.4000000000E+5
x(26) = -6400.0000000000
x(27) = 22750.0000000000
x(28) = -1.3456000000E+6
x(29) = -9280.0000000000
x(30) = -2.2808000000E+6
x(31) = -1.0280000000E+4
obj = -1.0080625000E+9
infeas =         0.00
nonopt =         0.00
