modelstatus = 2
x(1) = 1
x(2) =  1
x(3) =  1
x(4) =  1
x(5) =  1
x(6) =  1
x(7) =  1
x(8) =  1
x(9) =  1
x(10) =  0.999998
x(11) =  0.999999
x(12) =  1
x(13) =  1
x(14) =  1
x(15) =  0.999999
x(16) =  1
x(17) =  1
x(18) =  1
x(19) =  1
x(20) =  0.999999
x(21) =  1
x(22) =  1
x(23) =  1
x(24) =  1
x(25) =  1
x(26) =  1
x(27) =  0.999999
x(28) =  0.999999
x(29) =  0.999998
x(30) =  1
x(31) =  0.999999
x(32) =  1
x(33) =  1
x(34) =  0.999995
x(35) =  1
x(36) =  1
x(37) =  1
x(38) =  1
x(39) =  1
x(40) =  1
x(41) =  1
x(42) =  0.999999
x(43) =  1
x(44) =  1
x(45) =  0.999999
x(46) =  0.999998
x(47) =  0.999996
x(48) =  1
x(49) =  1
x(50) =  0.999999
x(51) =  0.999999
x(52) =  0.999998
x(53) =  1
x(54) =  1
x(55) =  1
x(56) =  1
x(57) =  1
x(58) =  1
x(59) =  1
x(60) =  1
x(61) =  1
x(62) =  1
x(63) =  1
x(64) =  1
x(65) =  3.92906e-12
x(66) =  9.0919e-13
x(67) =  1.67158e-11
x(68) =  1.06504e-12
x(69) =  2.56703e-13
x(70) =  5.69246e-13
x(71) =  -2.27808e-27
x(72) =  3.91349e-12
x(73) =  2.34838e-12
x(74) =  5.28745e-16
x(75) =  1.76504e-11
x(76) =  5.56189e-13
x(77) =  9.2601e-14
x(78) =  5.69246e-13
x(79) =  5.76752e-12
x(80) =  1.06917e-11
x(81) =  4.63355e-13
x(82) =  3.52805e-13
x(83) =  1.66995e-13
x(84) =  2.93945e-12
x(85) =  4.09976e-14
x(86) =  2.55134e-11
x(87) =  6.98291e-12
x(88) =  9.85341e-13
x(89) =  8.53636e-12
x(90) =  4.28346e-12
x(91) =  3.64976e-13
x(92) =  2.03996e-12
x(93) =  4.23299e-13
x(94) =  7.59913e-11
x(95) =  7.52311e-12
x(96) =  9.85288e-14
x(97) =  1.63974e-11
x(98) =  1.83923e-11
x(99) =  9.48102e-14
x(100) =  4.88507e-13
x(101) =  2.45876e-13
x(102) =  3.57208e-11
x(103) =  4.38944e-13
x(104) =  8.6117e-12
x(105) =  3.70746e-11
x(106) =  1.43208e-11
x(107) =  2.10024e-28
x(108) =  4.88507e-13
x(109) =  1.3141e-12
x(110) =  5.33847e-12
x(111) =  3.38307e-12
x(112) =  5.38912e-12
x(113) =  1.46741e-11
x(114) =  -1.55356e-27
x(115) =  3.92906e-12
x(116) =  9.0919e-13
x(117) =  1.67158e-11
x(118) =  1.06504e-12
x(119) =  2.56703e-13
x(120) =  5.69246e-13
x(121) =  3.92906e-12
x(122) =  8.59553e-12
x(123) =  2.05956e-11
x(124) =  4.01314e-12
x(125) =  3.83545e-13
x(126) =  1.08291e-12
x(127) =  4.09976e-14
x(128) =  3.91349e-12
x(129) =  8.13056e-12
x(130) =  1.02662e-13
x(131) =  1.03567e-12
x(132) =  3.42772e-12
x(133) =  8.87829e-15
x(134) =  2.03996e-12
x(135) =  5.76752e-12
x(136) =  1.41344e-11
x(137) =  7.91245e-13
x(138) =  1.6038e-12
x(139) =  2.23591e-12
x(140) =  3.73505e-12
x(141) =  9.48102e-14
x(142) =  2.55134e-11
x(143) =  1.67519e-13
x(144) =  1.57218e-11
x(145) =  5.05248e-13
x(146) =  1.24873e-12
x(147) =  3.80356e-12
x(148) =  1.43208e-11
x(149) =  4.23299e-13
x(150) =  1.90545e-11
x(151) =  1.33095e-11
x(152) =  2.88102e-12
x(153) =  1.67891e-11
x(154) =  3.72798e-11
x(155) =  1.46741e-11
x(156) =  4.88507e-13
x(157) =  1.3141e-12
x(158) =  5.33847e-12
x(159) =  3.38307e-12
x(160) =  5.38912e-12
x(161) =  1.46741e-11
x(162) =  3.92363e-44
obj =  1
