modelstatus =         1.00
x(1) =     0.0000000000
x(2) =     1.0000000000
obj =     1.0000000000
infeas =         0.00
nonopt =         0.00
