modelstatus =         2.00
x(1) =    10.7461941804
x(2) =     0.7770030680
x(3) =     0.5797951662
x(4) =     0.2354318782
x(5) =     0.0667464929
x(6) =     0.0146134585
x(7) =     0.0026118646
x(8) =     0.0003948311
x(9) =     0.0000517439
x(10) =     0.0000059871
x(11) =     0.0000006203
x(12) =     0.0000000582
x(13) =     0.0000000050
x(14) =     0.0000000004
x(15) =     0.0000000000
x(16) =     0.0000000000
x(17) =     0.0000000000
x(18) =     0.0000000000
x(19) =     0.0000000000
x(20) =     0.0000000000
x(21) =     0.0000000000
x(22) =     0.0000000000
obj =   -10.7461941804
infeas =         0.00
nonopt =         0.00
