modelstatus = 2
x(1) = 3.00002
x(2) =  0.500004
obj =  3.74634e-11
