modelstatus =         2.00
x(1) =     2.9999999924
x(2) =     3.0000000019
x(3) =     2.0000000038
obj =     0.0000000000
infeas =         0.00
nonopt =         0.00
