modelstatus = 2
x(1) = 0.00450505
x(2) =  0.00450505
x(3) =  -1.08401
x(4) =  0.233534
obj =  0.00450505
