modelstatus =      2.00
x(1) =    19.3892828359687
x(2) =    -55.99678033242018
x(3) =    66.318810729814913
x(4) =    -56.259016045718312
x(5) =    41.010998056291072
x(6) =    -18.037369617773965
x(7) =    4.2242713110676586
x(8) =    -0.40126515780286742
obj =    0.014421391206670405
infeas =         0.00
nonopt =         0.00
