modelstatus =         2.00
x(1) =    12.2984403843
x(2) =     6.8201004845
x(3) =     4.0805686518
x(4) =    -0.5836385182
x(5) =     0.3219780420
obj =     0.0050193657
infeas =         0.00
nonopt =         0.00
