modelstatus =         2.00
x(1) =     0.0733164268
x(2) =     0.1997132065
x(3) =     0.1552200971
x(4) =     0.0000000000
x(5) =     0.4216526856
x(6) =     0.1500975840
x(7) =     0.0000000000
x(8) =     0.0000000000
obj =   427.2325677761
infeas =         0.00
nonopt =         0.00
