modelstatus =         2.00
x(1) =    -2.9999997033
x(2) =    -3.9999996044
obj =    -0.5000000000
infeas =         0.00
nonopt =         0.00
