modelstatus =         1.00
x(1) =    -0.0023909020
x(2) =     0.0155903351
x(3) =     0.9753695746
x(4) =    -0.9879465462
x(5) =    -0.0006224613
x(6) =    -1.0000000000
obj =     2.9276333476
infeas =         0.00
nonopt =         0.00
