modelstatus = 2
x(1) = 1.93185
x(2) =  0.517638
obj =  0
