modelstatus =         2.00
x(1) =    -1.0000000000
x(2) =    -1.0000000000
x(3) =    -1.0000000000
x(4) =    -1.0000000000
x(5) =    -1.0000000000
x(6) =    -1.0000000000
x(7) =    -1.0000000000
x(8) =    -1.0000000000
x(9) =    -1.0000000000
x(10) =    -1.0000000000
x(11) =    -1.0000000000
x(12) =    -1.0000000000
x(13) =    -1.0000000000
x(14) =    -1.0000000000
x(15) =    -1.0000000000
x(16) =    -1.0000000000
x(17) =    -1.0000000000
x(18) =    -1.0000000000
x(19) =    -1.0000000000
x(20) =    -1.0000000000
x(21) =    -1.0000000000
x(22) =    -1.0000000000
x(23) =    -1.0000000000
x(24) =    -1.0000000000
x(25) =    -1.0000000000
x(26) =    -1.0000000000
x(27) =    -1.0000000000
x(28) =    -1.0000000000
x(29) =    -1.0000000000
x(30) =    -1.0000000000
x(31) =    -1.0000000000
x(32) =    -1.0000000000
x(33) =    -1.0000000000
x(34) =    -1.0000000000
x(35) =    -1.0000000000
x(36) =    -1.0000000000
x(37) =    -1.0000000000
x(38) =    -1.0000000000
x(39) =    -1.0000000000
x(40) =    -1.0000000000
x(41) =    -1.0000000000
x(42) =    -1.0000000000
x(43) =    -1.0000000000
x(44) =    -1.0000000000
x(45) =    -1.0000000000
x(46) =    -1.0000000000
x(47) =    -1.0000000000
x(48) =    -1.0000000000
x(49) =    -1.0000000000
x(50) =    -1.0000000000
x(51) =    -1.0000000000
x(52) =    -1.0000000000
x(53) =    -1.0000000000
x(54) =    -1.0000000000
x(55) =    -1.0000000000
x(56) =    -1.0000000000
x(57) =    -1.0000000000
x(58) =    -1.0000000000
x(59) =    -1.0000000000
x(60) =    -1.0000000000
x(61) =    -1.0000000000
x(62) =    -1.0000000000
x(63) =    -1.0000000000
x(64) =    -1.0000000000
x(65) =    -1.0000000000
x(66) =    -1.0000000000
x(67) =    -1.0000000000
x(68) =    -1.0000000000
x(69) =    -1.0000000000
x(70) =    -1.0000000000
x(71) =    -1.0000000000
x(72) =    -1.0000000000
x(73) =    -1.0000000000
x(74) =    -1.0000000000
x(75) =    -1.0000000000
x(76) =    -1.0000000000
x(77) =    -1.0000000000
x(78) =    -1.0000000000
x(79) =    -1.0000000000
x(80) =    -1.0000000000
x(81) =    -1.0000000000
x(82) =    -1.0000000000
x(83) =    -1.0000000000
x(84) =    -1.0000000000
x(85) =    -1.0000000000
x(86) =    -1.0000000000
x(87) =    -1.0000000000
x(88) =    -1.0000000000
x(89) =    -1.0000000000
x(90) =    -1.0000000000
x(91) =    -1.0000000000
x(92) =    -1.0000000000
x(93) =    -1.0000000000
x(94) =    -1.0000000000
x(95) =    -1.0000000000
x(96) =    -1.0000000000
x(97) =    -1.0000000000
x(98) =    -1.0000000000
x(99) =    -1.0000000000
x(100) =    -1.0000000000
obj =   100.0000000000
infeas =         0.00
nonopt =         0.00
