modelstatus = 2
x(1) = 5.33266
x(2) =  4.65674
x(3) =  10.433
x(4) =  12.0823
x(5) =  0.752607
x(6) =  0.878651
obj =  135.076
