modelstatus =         2.00
x(1) =     0.0056096365
x(2) =  6181.3463462519
x(3) =   345.2236346230
obj =    87.9458551705
infeas =         0.00
nonopt =         2.00
