modelstatus =      2.00
x(1) =    10.619201239004001
x(2) =    -52.806798937146382
x(3) =    109.42223663698832
x(4) =    -150.08787849986177
x(5) =    155.89476635759024
x(6) =    -93.01594067050759
x(7) =    28.657355278233297
x(8) =    -3.5106815626246108
obj =    0.016387421624962459
infeas =         0.00
nonopt =         0.00
