modelstatus =         2.00
x(1) = 1.75725998393E+5
x(2) = 1.40841000741E+5
x(3) = 12891.0003267282
x(4) = 2.73191000143E+5
x(5) = 2.73191000143E+5
x(6) = 12891.0003267282
x(7) = 1.40841000741E+5
x(8) = 1.75725998393E+5
x(9) =  4759.0001144216
x(10) =   380.0000051306
x(11) =  3859.0000432116
x(12) = 5.20758000328E+5
x(13) =  9940.0000571989
x(14) =  6163.9999471477
x(15) = 63117.9996730600
x(16) =  2738.0000121448
x(17) = 71083.0004760969
x(18) = 10152.9999937301
x(19) =  9293.9998255768
x(20) =  4366.9999494142
x(21) = 4.42510999161E+5
x(22) = 84668.0001110533
x(23) = 48523.9980242398
x(24) =  2645.0000835970
x(25) = 65209.9996404650
x(26) = 71528.0015613747
x(27) = 74346.0001468275
x(28) = 2.26846000561E+5
x(29) = 58725.0007416360
x(30) = 4.10016998316E+5
x(31) = 52773.9991717272
x(32) = 31847.0002928734
x(33) = 4.16672001722E+5
x(34) = 2.28906000485E+5
x(35) = 4.37902000680E+5
x(36) = 53519.9991728023
x(37) = 4.34014000237E+5
x(38) = 11928.0003607893
x(39) = 46746.9981222711
x(40) = 22284.0004776813
x(41) = 19092.9999429672
x(42) = 1.31949001551E+5
x(43) = 29947.0003266922
x(44) =   982.0000300613
x(45) = 1.75800000815E+5
x(46) = 30273.9993499583
x(47) = 1.61093999544E+5
x(48) =  7203.0000969611
x(49) = 1.73359000734E+5
x(50) = 18971.0001745967
x(51) = 32904.9986716903
x(52) = 21978.0000846682
x(53) =  9612.9997198025
x(54) =  7719.9998222487
x(55) =  2846.0000272945
x(56) = 19521.9999059300
x(57) = 1.14482001010E+5
x(58) =  5996.0001432473
x(59) = 83375.9992949682
x(60) = 63295.0027679440
x(61) = 74618.9999867976
x(62) = 1.17680996971E+5
x(63) =  3094.9999688860
x(64) = 1.40757000217E+5
x(65) = 60034.9992334287
x(66) = 25434.9999363972
x(67) = 77587.0001356479
x(68) = 58884.0007388873
x(69) = 31847.0002928734
x(70) =   158.9999972513
x(71) =  3240.9999888204
x(72) =  2137.9999706122
x(73) = 16582.9997354058
x(74) =   928.9999800247
x(75) = 17341.9985149535
x(76) =   746.0000010751
x(77) = 27885.0023636422
x(78) =  2059.9999243116
x(79) = 25434.9999363972
x(80) = 57896.9992628165
x(81) = 1.24174000481E+5
x(82) =  2165.9999888614
x(83) =     1.9999999831
x(84) =   258.9999953772
x(85) = 14405.9996533628
x(86) = 1.75725998393E+5
x(87) = 1.40841000741E+5
x(88) = 12891.0003267282
x(89) = 2.73191000143E+5
x(90) = 5.88242999950E+5
x(91) = 5.29756000490E+5
x(92) = 79221.9996774065
x(93) = 97635.0002569630
x(94) = 4.42510999161E+5
x(95) = 84668.0001110533
x(96) = 1.87906999310E+5
x(97) = 3.01192000708E+5
x(98) = 4.68741999058E+5
x(99) = 52773.9991717272
x(100) = 4.48519002015E+5
x(101) = 2.28906000485E+5
x(102) = 4.37902000680E+5
x(103) = 53519.9991728023
x(104) = 4.34014000237E+5
x(105) = 2.32001000454E+5
x(106) = 5.78659000896E+5
x(107) = 1.13554998406E+5
x(108) = 4.59449000173E+5
x(109) =  3094.9999688860
x(110) = 1.40757000217E+5
x(111) = 60034.9992334287
x(112) = 25434.9999363972
x(113) = 77587.0001356479
x(114) = 58884.0007388873
x(115) = 31847.0002928734
x(116) = 71083.0004760969
x(117) = 2.09932999665E+5
obj = -7.1292920000E+6
infeas =         0.00
nonopt =         0.00
