modelstatus = 2
x(1) = 0
x(2) =  0
x(3) =  0
x(4) =  0
x(5) =  0
x(6) =  0
x(7) =  0
x(8) =  0
x(9) =  0
x(10) =  0.393779
x(11) =  0.446718
x(12) =  0.0241347
x(13) =  0.0278565
x(14) =  0.0313366
x(15) =  0.0364463
x(16) =  0.284731
x(17) =  0.540092
x(18) =  0
x(19) =  0
x(20) =  0.422714
x(21) =  0.479543
x(22) =  0.0243349
x(23) =  0.0296717
x(24) =  0.0330166
x(25) =  0.0372424
x(26) =  0.305653
x(27) =  0.579777
x(28) =  0
x(29) =  0
x(30) =  0.0212588
x(31) =  0.0213692
x(32) =  0.0200097
x(33) =  0.0211395
x(34) =  0.0214683
x(35) =  0.0200385
x(36) =  0.0210141
x(37) =  0.0215539
x(38) =  0
x(39) =  0
x(40) =  0.0250626
x(41) =  0.0279522
x(42) =  0.0239254
x(43) =  0.31373
x(44) =  0.458894
x(45) =  0.0356136
x(46) =  0.0324665
x(47) =  0.0270837
x(48) =  0
x(49) =  0
x(50) =  0.026157
x(51) =  0.0291132
x(52) =  0.0245244
x(53) =  0.388221
x(54) =  0.567852
x(55) =  0.0379963
x(56) =  0.033819
x(57) =  0.0284172
x(58) =  0
x(59) =  0
x(60) =  0.0250265
x(61) =  0.0254674
x(62) =  0.0200387
x(63) =  0.0245502
x(64) =  0.0258632
x(65) =  0.0201539
x(66) =  0.0240493
x(67) =  0.026205
x(68) =  0
x(69) =  0
x(70) =  0.334451
x(71) =  0.379414
x(72) =  0.0237082
x(73) =  0.030843
x(74) =  0.0340817
x(75) =  0.0347499
x(76) =  0.241833
x(77) =  0.45872
x(78) =  0
x(79) =  0
x(80) =  0.477542
x(81) =  0.541742
x(82) =  0.0247021
x(83) =  0.0286909
x(84) =  0.0325224
x(85) =  0.0387028
x(86) =  0.345298
x(87) =  0.654977
x(88) =  0
x(89) =  0
x(90) =  0
x(91) =  0
x(92) =  0
x(93) =  0
x(94) =  0
x(95) =  0
x(96) =  0
obj =  2.87504
