modelstatus = 2
x(1) = 0.854871
x(2) =  0.854871
x(3) =  1.55064e-08
obj =  3.27547e-14
