modelstatus =         2.00
x(1) =     0.9238253514
x(2) =     0.3828142110
x(3) =     0.1303858941
x(4) =     0.9914633219
x(5) =     0.9238253707
x(6) =     0.3828141643
x(7) =     0.1303858440
x(8) =     0.9914633285
x(9) =     0.0000000000
obj =    -0.8660254038
infeas =         0.00
nonopt =         0.00
