modelstatus = 2
x(1) = 0.147468
x(2) =  3.51055e-13
x(3) =  -0.174863
x(4) =  0.899993
x(5) =  0.749994
x(6) =  0.759738
x(7) =  -0.45
obj =  -0.45
