modelstatus = 2
x(1) = 1.03407
x(2) =  1.03405
x(3) =  1.03406
x(4) =  1.03407
x(5) =  1.03406
x(6) =  -0.335132
x(7) =  0.063994
x(8) =  0
x(9) =  0
x(10) =  0
x(11) =  0
x(12) =  0
x(13) =  0
x(14) =  0
obj =  5.46284
