modelstatus = 2
x(1) = 0
x(2) =  -0.000135214
x(3) =  1.75418e-14
x(4) =  -2.64909e-29
x(5) =  -0.000230583
x(6) =  -4.91687e-18
obj =  1.81905e-08
