modelstatus =         2.00
x(1) =    10.0000000000
x(2) =    10.0000000000
x(3) =    10.0000000000
x(4) =    10.0000000000
x(5) =    10.0000000000
x(6) =     7.1031369663
x(7) =    10.0000000000
x(8) =     5.2343746249
x(9) =    10.0000000000
x(10) =     4.1382951956
x(11) =    10.0000000000
x(12) =    10.0000000000
x(13) =    10.0000000000
x(14) =    10.0000000000
x(15) =    10.0000000000
x(16) =    10.0000000000
x(17) =    10.0000000000
x(18) =    10.0000000000
x(19) =    10.0000000000
x(20) =    10.0000000000
x(21) =    10.0000000000
x(22) =    10.0000000000
x(23) =    10.0000000000
x(24) =    10.0000000000
x(25) =    10.0000000000
x(26) =    10.0000000000
x(27) =    10.0000000000
x(28) =    10.0000000000
x(29) =    10.0000000000
x(30) =    10.0000000000
x(31) =    10.0000000000
x(32) =    10.0000000000
x(33) =    10.0000000000
x(34) =    10.0000000000
x(35) =    10.0000000000
x(36) =    10.0000000000
x(37) =    10.0000000000
x(38) =    10.0000000000
x(39) =    10.0000000000
x(40) =    10.0000000000
x(41) =    10.0000000000
x(42) =    10.0000000000
x(43) =    10.0000000000
x(44) =    10.0000000000
x(45) =    10.0000000000
x(46) =    10.0000000000
x(47) =    10.0000000000
x(48) =    10.0000000000
x(49) =    10.0000000000
x(50) =    10.0000000000
x(51) =    10.0000000000
x(52) =    10.0000000000
x(53) =    10.0000000000
x(54) =    10.0000000000
x(55) =    10.0000000000
x(56) =    10.0000000000
x(57) =    10.0000000000
x(58) =    10.0000000000
x(59) =    10.0000000000
x(60) =    10.0000000000
x(61) =    10.0000000000
x(62) =    10.0000000000
x(63) =    10.0000000000
x(64) =    10.0000000000
x(65) =    10.0000000000
x(66) =    10.0000000000
x(67) =    10.0000000000
x(68) =    10.0000000000
x(69) =    10.0000000000
x(70) =    10.0000000000
x(71) =    10.0000000000
x(72) =    10.0000000000
x(73) =    10.0000000000
x(74) =    10.0000000000
x(75) =    10.0000000000
x(76) =    10.0000000000
x(77) =    10.0000000000
x(78) =    10.0000000000
x(79) =    10.0000000000
x(80) =    10.0000000000
x(81) =    10.0000000000
x(82) =    10.0000000000
x(83) =    10.0000000000
x(84) =    10.0000000000
x(85) =    10.0000000000
x(86) =    10.0000000000
x(87) =    10.0000000000
x(88) =    10.0000000000
x(89) =    10.0000000000
x(90) =    10.0000000000
x(91) =    10.0000000000
x(92) =    10.0000000000
x(93) =    10.0000000000
x(94) =    10.0000000000
x(95) =    10.0000000000
x(96) =    10.0000000000
x(97) =    10.0000000000
x(98) =    10.0000000000
x(99) =    10.0000000000
x(100) =    10.0000000000
x(101) =    10.0000000000
x(102) =    10.0000000000
x(103) =    10.0000000000
x(104) =    10.0000000000
x(105) =    10.0000000000
x(106) =    10.0000000000
x(107) =    10.0000000000
x(108) =    10.0000000000
x(109) =    10.0000000000
x(110) =    10.0000000000
x(111) =    10.0000000000
x(112) =    10.0000000000
x(113) =    10.0000000000
x(114) =    10.0000000000
x(115) =    10.0000000000
x(116) =    10.0000000000
x(117) =    10.0000000000
x(118) =    10.0000000000
x(119) =    10.0000000000
x(120) =    10.0000000000
obj = -7.2445914296E+5
infeas =         0.00
nonopt =         0.00
