modelstatus =         2.00
x(1) =    -2.8819233426
x(2) =    -2.8411289852
x(3) =    -0.2022780355
x(4) =     0.0003759005
x(5) =     1.0265036693
obj =     0.0000000000
infeas =         0.00
nonopt =         0.00
