modelstatus = -2.00
X(1) = 	0.9602726E-01
X(2) = 	0.9602726E-01
X(3) = 	0.9602726E-01
X(4) = 	0.9602726E-01
X(5) = 	0.9602726E-01
X(6) = 	0.9602726E-01
X(7) = 	0.9602726E-01
X(8) = 	0.9602726E-01
X(9) = 	0.9602726E-01
X(10) = 	0.9602726E-01
X(11) = 	0.9602726E-01
X(12) = 	0.9602726E-01
X(13) = 	0.9602726E-01
X(14) = 	0.9602726E-01
X(15) = 	0.9602726E-01
X(16) = 	0.9602726E-01
X(17) = 	0.9602726E-01
X(18) = 	0.9602726E-01
X(19) = 	0.9602726E-01
X(20) = 	0.9602726E-01
X(21) = 	0.9602726E-01
X(22) = 	0.9602726E-01
X(23) = 	0.9602726E-01
X(24) = 	0.9602726E-01
X(25) = 	0.9602726E-01
X(26) = 	0.4501904
X(27) = 	0.4501904
X(28) = 	0.4501904
X(29) = 	0.4501904
X(30) = 	0.4501904
X(31) = 	0.4501904
X(32) = 	0.4501904
X(33) = 	0.4501904
X(34) = 	0.4501904
X(35) = 	0.4501904
X(36) = 	0.4501904
X(37) = 	0.4501904
X(38) = 	0.4501904
X(39) = 	0.4501904
X(40) = 	0.4501904
X(41) = 	0.4501904
X(42) = 	0.4501904
X(43) = 	0.4501904
X(44) = 	0.4501904
X(45) = 	0.4501904
X(46) = 	0.4501904
X(47) = 	0.4501904
X(48) = 	0.4501904
X(49) = 	0.4501904
X(50) = 	0.4501904
X(51) = 	0.4501904
X(52) = 	0.4501904
X(53) = 	0.4501904
X(54) = 	0.4501904
X(55) = 	0.4501904
X(56) = 	0.4501904
X(57) = 	0.4501904
X(58) = 	0.4501904
X(59) = 	0.4501904
X(60) = 	0.4501904
X(61) = 	0.4501904
X(62) = 	0.7488455
X(63) = 	0.7488455
X(64) = 	0.7488455
X(65) = 	0.7488455
X(66) = 	0.7488455
X(67) = 	0.7488455
X(68) = 	0.7488455
X(69) = 	0.7488455
X(70) = 	0.7488455
X(71) = 	0.7488455
X(72) = 	0.7488455
X(73) = 	0.7488455
X(74) = 	0.7488455
X(75) = 	0.7488455
X(76) = 	0.7488455
X(77) = 	0.7488455
X(78) = 	0.7488455
X(79) = 	0.7488455
X(80) = 	0.7488455
X(81) = 	0.7488455
X(82) = 	0.7488455
X(83) = 	0.7488455
X(84) = 	0.7488455
X(85) = 	0.7488455
X(86) = 	0.7488455
X(87) = 	0.9179964
X(88) = 	0.9179964
X(89) = 	0.9179964
X(90) = 	0.9179964
X(91) = 	0.9179964
X(92) = 	0.9179964
X(93) = 	0.9179964
X(94) = 	0.9179964
X(95) = 	0.9179964
X(96) = 	0.9643257
X(97) = 	0.9814077
X(98) = 	0.9814077
X(99) = 	0.9823984
X(100) = 	1.000813
obj = 0.000000
infeas =         0.00
nonopt =         0.00
