modelstatus = 2
x(1) = 0.149284
x(2) =  0
x(3) =  0
x(4) =  6.78217e-22
x(5) =  0.394692
x(6) =  0.00808081
x(7) =  6.70259e-25
x(8) =  0
x(9) =  0
x(10) =  0.0228577
x(11) =  0.250215
x(12) =  0.17487
obj =  0.0327497
