modelstatus = 2
x(1) = 1
x(2) =  1
x(3) =  1
x(4) =  1
x(5) =  1
x(6) =  1
x(7) =  1
x(8) =  1
x(9) =  1
x(10) =  1
x(11) =  1
x(12) =  1
x(13) =  1
x(14) =  1
x(15) =  1
x(16) =  1
x(17) =  1
x(18) =  1
x(19) =  1
x(20) =  1
x(21) =  1
x(22) =  1
x(23) =  1
x(24) =  1
x(25) =  1
x(26) =  1
x(27) =  1
x(28) =  1
x(29) =  1
x(30) =  1
x(31) =  1
x(32) =  1
x(33) =  1
x(34) =  1
x(35) =  1
x(36) =  1
x(37) =  1
x(38) =  1
x(39) =  1
x(40) =  1
x(41) =  1
x(42) =  1
x(43) =  1
x(44) =  1
x(45) =  1
x(46) =  1
x(47) =  1
x(48) =  1
x(49) =  1
x(50) =  1
x(51) =  1
x(52) =  1
x(53) =  1
x(54) =  1
x(55) =  1
x(56) =  1
x(57) =  1
x(58) =  1
x(59) =  1
x(60) =  1
x(61) =  1
x(62) =  1
x(63) =  1
x(64) =  1
x(65) =  1
x(66) =  1
x(67) =  1
x(68) =  0.999999
x(69) =  0.999998
x(70) =  0.999995
x(71) =  0.999986
x(72) =  0.999957
x(73) =  0.999872
x(74) =  0.999617
x(75) =  0.998851
x(76) =  0.996556
x(77) =  0.989679
x(78) =  0.969143
x(79) =  0.908382
x(80) =  0.73354
x(81) =  0.271622
x(82) =  -0.654599
x(83) =  -1.2261
x(84) =  -0.72278
x(85) =  -1.20037
x(86) =  -0.759483
x(87) =  -1.18267
x(88) =  -0.783964
x(89) =  -1.16936
x(90) =  -0.801951
x(91) =  -1.15883
x(92) =  -0.815948
x(93) =  -1.15018
x(94) =  -0.82727
x(95) =  -1.14289
x(96) =  -0.836687
x(97) =  -1.13664
x(98) =  -0.844687
x(99) =  -1.13119
x(100) =  -0.851598
obj =  4.31803e-11
