modelstatus =         2.00
x(1) =    -1.0000001250
x(2) =     0.0000000000
obj =    -1.0000000625
infeas =         0.00
nonopt =         0.00
