modelstatus = 2
x(1) = 1.74619
x(2) =  0
x(3) =  1.92081
x(4) =  1.23214e-22
x(5) =  2.11289
x(6) =  0
x(7) =  2.32418
x(8) =  8.98608e-23
x(9) =  0.223597
x(10) =  2.333
x(11) =  0.25381
x(12) =  1
x(13) =  2.41219
x(14) =  1.667
x(15) =  2.667
x(16) =  2
x(17) =  2.667
x(18) =  2.667
x(19) =  2.667
x(20) =  2.333
x(21) =  0
x(22) =  0.74619
x(23) =  4.13754e-39
x(24) =  0
x(25) =  0.74619
x(26) =  2.23476e-26
x(27) =  4.81482e-35
x(28) =  1
x(29) =  0
x(30) =  0.25481
x(31) =  9.40395e-38
x(32) =  1.92593e-34
x(33) =  0
x(34) =  0
x(35) =  0
x(36) =  3.333
x(37) =  2.40741e-35
x(38) =  4.75651e-22
x(39) =  0
x(40) =  0
x(41) =  1.44445e-34
x(42) =  0.88711
x(43) =  0
x(44) =  3
x(45) =  0
x(46) =  6.9369e-22
x(47) =  1.17549e-38
x(48) =  0
x(49) =  0
x(50) =  0.34282
x(51) =  0
x(52) =  2.667
x(53) =  6.01015e-38
x(54) =  1.2668e-22
x(55) =  3.62041e-22
x(56) =  1.61245e-30
x(57) =  4.21297e-35
x(58) =  2.1094
x(59) =  9.40395e-38
x(60) =  5.13125e-23
obj =  60.9192
