modelstatus = 0.00
X(1) = 	3.512121
X(2) = 	0.2169879
X(3) = 	3.552171
obj = -1038.285
infeas =         0.00
nonopt =         0.00
