modelstatus = 2
x(1) = 1
x(2) =  1
x(3) =  1
x(4) =  1
x(5) =  1
x(6) =  -1
x(7) =  -1
x(8) =  -1
x(9) =  -1
x(10) =  -1
x(11) =  1
x(12) =  -1
x(13) =  -1
x(14) =  -1
x(15) =  1
x(16) =  1
x(17) =  1
x(18) =  -0.0787712
x(19) =  -1
x(20) =  -1
x(21) =  -0.0527905
x(22) =  -1
x(23) =  1
x(24) =  1
x(25) =  -1
x(26) =  1
x(27) =  -1
x(28) =  1
x(29) =  -1
x(30) =  -1
x(31) =  1
x(32) =  -1
x(33) =  -1
x(34) =  1
x(35) =  1
x(36) =  -1
x(37) =  -1
x(38) =  1
x(39) =  0.0787685
x(40) =  1
x(41) =  -1
x(42) =  -1
x(43) =  1
x(44) =  0.0787668
x(45) =  1
x(46) =  -1
x(47) =  1
x(48) =  1
x(49) =  1
x(50) =  -1
x(51) =  1
x(52) =  1
x(53) =  -1
x(54) =  1
x(55) =  -1
x(56) =  -0.0787723
x(57) =  1
x(58) =  1
x(59) =  1
x(60) =  -1
x(61) =  -1
x(62) =  1
x(63) =  -1
x(64) =  -1
x(65) =  -0.0787734
x(66) =  -1
x(67) =  -1
x(68) =  1
x(69) =  -1
x(70) =  -1
x(71) =  1
x(72) =  -1
x(73) =  -0.0787675
x(74) =  -1
x(75) =  -1
x(76) =  -1
x(77) =  -1
x(78) =  -1
x(79) =  1
x(80) =  -1
x(81) =  1
x(82) =  1
x(83) =  1
x(84) =  -1
x(85) =  1
x(86) =  1
x(87) =  -1
x(88) =  1
x(89) =  1
x(90) =  0.0787704
x(91) =  -1
x(92) =  -0.0787683
x(93) =  -1
x(94) =  1
x(95) =  1
x(96) =  1
x(97) =  -1
x(98) =  -1
x(99) =  1
x(100) =  -1
obj =  25.3164
