modelstatus =         2.00
x(1) =     1.1000000000
x(2) =     0.0000000000
x(3) =     1.0641830665
x(4) =    -0.0255052935
x(5) =     1.0999999323
x(6) =     0.0003858774
x(7) =     1.0890619380
x(8) =    -0.0301671639
x(9) =     1.0999596944
x(10) =     0.0094165108
x(11) =     1.0784829308
x(12) =    -0.0358852507
x(13) =     1.0112700384
x(14) =    -0.1269225788
x(15) =     1.8793410883
x(16) =    -2.2374685766
x(17) =    -1.8793410883
x(18) =     2.2374685766
x(19) =     2.0672751971
x(20) =     2.4612154342
x(21) =    -2.0570302550
x(22) =    -2.3331430249
x(23) =     0.0598554579
x(24) =     0.2577536902
x(25) =    -0.0515063438
x(26) =     0.0336488855
x(27) =     0.0571230812
x(28) =    -0.2758237434
x(29) =    -0.0567562114
x(30) =    -0.0344414306
x(31) =     0.0087144282
x(32) =     0.3672403555
x(33) =    -0.0037039070
x(34) =    -0.1734483051
x(35) =    -0.0000928262
x(36) =    -0.3910332317
x(37) =     0.0011986593
x(38) =     0.1890076836
x(39) =     2.6039784918
x(40) =    -0.6944931495
x(41) =    -2.6039784918
x(42) =     0.6944931495
x(43) =     2.8641081756
x(44) =     0.7649472338
x(45) =    -2.8568447514
x(46) =    -0.6777914093
x(47) =     0.7777306464
x(48) =    -0.2867106476
x(49) =    -0.7563664414
x(50) =     0.5723557964
x(51) =     0.8556460921
x(52) =     0.2887837257
x(53) =    -0.8375355939
x(54) =    -0.4828062890
x(55) =     1.9485934707
x(56) =    -0.7324865273
x(57) =    -1.9485934707
x(58) =     0.7324865273
x(59) =     2.1364768113
x(60) =     0.8240546081
x(61) =    -2.1278102599
x(62) =    -0.7200484515
x(63) =     1.0831423539
x(64) =    -0.4574562127
x(65) =    -1.0684896493
x(66) =     0.6455339799
x(67) =     1.1845664713
x(68) =     0.4544898820
x(69) =    -1.1624644061
x(70) =    -0.5171937110
x(71) =     1.2100000000
x(72) =     1.1331361190
x(73) =     1.2100000000
x(74) =     1.1869659625
x(75) =     1.2100000000
x(76) =     1.1644131833
x(77) =     1.0387764316
x(78) =     2.0672751971
x(79) =     3.4641081756
x(80) =     2.6364768113
x(81) =     2.4612154342
x(82) =     0.8449472338
x(83) =     0.8740546081
obj =     0.0678601839
infeas =         0.00
nonopt =         0.00
