modelstatus = 2
x(1) = 5.55112e-17
x(2) =  8.32667e-17
x(3) =  8.32667e-17
x(4) =  8.32667e-17
x(5) =  8.32667e-17
x(6) =  8.32667e-17
x(7) =  8.32667e-17
x(8) =  8.32667e-17
x(9) =  8.32667e-17
x(10) =  8.32667e-17
x(11) =  8.32667e-17
x(12) =  8.32667e-17
x(13) =  8.32667e-17
x(14) =  8.32667e-17
x(15) =  8.32667e-17
x(16) =  8.32667e-17
x(17) =  8.32667e-17
x(18) =  8.32667e-17
x(19) =  8.32667e-17
x(20) =  8.32667e-17
x(21) =  8.32667e-17
obj =  8.32667e-17
