modelstatus = 2
x(1) = 0.179913
x(2) =  0.402478
x(3) =  0.318778
x(4) =  0.166125
x(5) =  0.0401104
x(6) =  -0.037396
x(7) =  -0.0741313
x(8) =  -0.0837334
x(9) =  -0.0776915
x(10) =  -0.0638821
x(11) =  -0.0471481
x(12) =  -0.0302283
x(13) =  -0.0145325
x(14) =  -0.000681986
x(15) =  0.0111447
x(16) =  0.0210023
x(17) =  0.0290571
x(18) =  0.0355183
x(19) =  0.040602
x(20) =  0.0445122
obj =  0.575816
