modelstatus = 2
x(1) = 0.635522
x(2) =  9.30461e-23
x(3) =  0.312702
x(4) =  0.0517766
obj =  29.8944
