modelstatus = 2
x(1) = 0.999999
x(2) =  0.999998
obj =  1.83009e-12
