modelstatus =         1.00
x(1) =    75.0000000000
x(2) =    65.0000000000
obj =   -59.0131235090
infeas =         0.00
nonopt =         0.00
