modelstatus =         2.00
x(1) =   373.8307270850
x(2) =   420.0000000000
x(3) =     0.1532919640
x(4) =   107.8119257491
x(5) =   196.3186193947
x(6) =    21.3071347941
x(7) =   107.8119257491
x(8) =     0.0000000000
x(9) =   100.0000000000
x(10) =    96.3186193947
x(11) =     0.0000000000
obj =  8827.5977349206
infeas =         0.00
nonopt =         0.00
