modelstatus = 2
x(1) = 8.88635e-18
x(2) =  6.245e-16
x(3) =  7.68162e-19
obj =  7.68162e-19
