modelstatus = -1
x(1) =    -297.9005435360188
x(2) =    207.15036298828849
x(3) =    -24.96214493133154
x(4) =    21.347015194222863
x(5) =    -2.4290634294359013
x(6) =    2.2429441792943079
x(7) =    597.01100584774133
x(8) =    0.93333900629940836
obj =    0.094092406489538261
infeas = 0
nonopt = 0
