modelstatus =         2.00
x(1) =    11.1803398875
x(2) =    22.3606797750
x(3) =    45.0000000000
x(4) =    21.1267605600
x(5) =    55.0176056596
obj =    55.0176056596
infeas =         0.00
nonopt =         0.00
