modelstatus = 2
x(1) = 6.93889e-18
x(2) =  1
x(3) =  1.33333
x(4) =  1.66667
x(5) =  0.666667
x(6) =  0.333333
obj =  6.33333
