modelstatus =         2.00
x(1) =     1.0000000085
x(2) =     9.9999998520
x(3) =     1.0000000000
x(4) =     4.9999999441
x(5) =     4.0000000000
x(6) =     3.0000000000
obj =     0.0000000000
infeas =         0.00
nonopt =         0.00
