modelstatus =         2.00
x(1) =    -0.0007812500
x(2) =     1.0000000000
x(3) =    -0.4751728647
x(4) =     2.0000000000
obj =    30.4747646146
infeas =         0.00
nonopt =         0.00
