modelstatus = 2
x(1) = 1
x(2) =  1
x(3) =  1
x(4) =  1
x(5) =  1
x(6) =  1
x(7) =  1
x(8) =  1
x(9) =  1
x(10) =  0.999995
obj =  7.22763e-13
