modelstatus =         1.00
x(1) =    27.4521535428
x(2) =    10.0000000000
x(3) =     4.0204631235
x(4) =    19.2165074800
x(5) =     1.5000000000
x(6) =     3.5687799606
x(7) =     4.0695520911
x(8) =    34.3151916696
x(9) =    19.2506768192
x(10) =     0.0031009373
x(11) =    -0.0772732957
x(12) =     1.0581616384
x(13) =     0.0069099482
x(14) =     0.0000000000
x(15) =   114.6984989530
x(16) =   500.0000000000
x(17) =  2325.5813953500
x(18) =    22.7153284672
x(19) = 14197.0802920000
x(20) = 12589.2895943000
x(21) = 28394.1605839000
x(22) =     0.8000000000
x(23) =     0.0000000000
x(24) =   100.0000000000
x(25) =     4.0000000000
x(26) =     0.0000000000
x(27) =   500.0000000000
x(28) =    10.0000000000
x(29) =   814.8965440230
x(30) =  3140.4779393700
x(31) =  1003.6647401500
x(32) =  1000.0000000000
x(33) =     4.9366526889
x(34) =     0.0000000000
x(35) =     0.0000000000
x(36) =  5000.0000000000
x(37) =     1.0000000000
x(38) =     1.4999999999
x(39) =    88.0248707328
x(40) =  1760.4974146600
x(41) =     1.0000000000
x(42) =  1945.0000000000
x(43) =    35.0000000000
x(44) =   100.0000000000
x(45) =   200.0000000000
x(46) =   120.0000000000
x(47) =   700.0000000000
x(48) =     1.0000000000
x(49) =     1.0000000000
obj = 9.46801295796E+7
infeas =         0.00
nonopt =         0.00
