modelstatus =         2.00
x(1) =   -12.2436808115
x(2) =    14.0217974937
x(3) =    -0.4515108871
x(4) =    -0.0105189496
x(5) =   115.7064395210
obj =   115.7064395210
infeas =         0.00
nonopt =         0.00
