modelstatus = 2
x(1) = 0.0176138
x(2) =  0.0350338
x(3) =  0.0522613
x(4) =  0.0692977
x(5) =  0.0861447
x(6) =  0.102804
x(7) =  0.119278
x(8) =  0.135567
x(9) =  0.151674
x(10) =  0.167599
x(11) =  0.183344
x(12) =  0.198911
x(13) =  0.214301
x(14) =  0.229517
x(15) =  0.244558
x(16) =  0.259428
x(17) =  0.274126
x(18) =  0.288655
x(19) =  0.303015
x(20) =  0.317209
x(21) =  0.331237
x(22) =  0.345101
x(23) =  0.358803
x(24) =  0.372343
x(25) =  0.385722
x(26) =  0.398941
x(27) =  0.412003
x(28) =  0.424908
x(29) =  0.437658
x(30) =  0.450254
x(31) =  0.462696
x(32) =  0.474985
x(33) =  0.487123
x(34) =  0.499111
x(35) =  0.510949
x(36) =  0.52264
x(37) =  0.534184
x(38) =  0.545582
x(39) =  0.556835
x(40) =  0.567943
x(41) =  0.578907
x(42) =  0.589728
x(43) =  0.600409
x(44) =  0.610949
x(45) =  0.62135
x(46) =  0.631612
x(47) =  0.641735
x(48) =  0.65172
x(49) =  0.661569
x(50) =  0.671281
x(51) =  0.68086
x(52) =  0.690304
x(53) =  0.699615
x(54) =  0.708792
x(55) =  0.717837
x(56) =  0.72675
x(57) =  0.735532
x(58) =  0.744184
x(59) =  0.752706
x(60) =  0.761101
x(61) =  0.769366
x(62) =  0.777503
x(63) =  0.785513
x(64) =  0.793396
x(65) =  0.801152
x(66) =  0.808784
x(67) =  0.81629
x(68) =  0.823672
x(69) =  0.830929
x(70) =  0.838063
x(71) =  0.845074
x(72) =  0.851961
x(73) =  0.858726
x(74) =  0.86537
x(75) =  0.871892
x(76) =  0.878294
x(77) =  0.884575
x(78) =  0.890735
x(79) =  0.896775
x(80) =  0.902696
x(81) =  0.908498
x(82) =  0.914182
x(83) =  0.919747
x(84) =  0.925194
x(85) =  0.930523
x(86) =  0.935734
x(87) =  0.940828
x(88) =  0.945806
x(89) =  0.950666
x(90) =  0.955411
x(91) =  0.96004
x(92) =  0.964554
x(93) =  0.968951
x(94) =  0.973233
x(95) =  0.9774
x(96) =  0.981452
x(97) =  0.98539
x(98) =  0.989214
x(99) =  0.992923
x(100) =  0.996518
obj =  -0.514007
