modelstatus = 2
x(1) = 0.996654
x(2) =  0.996654
x(3) =  0.969777
x(4) =  0.969544
x(5) =  0.969263
x(6) =  0.953808
x(7) =  0.926929
x(8) =  0.910262
x(9) =  0.910252
x(10) =  0.910242
x(11) =  0.910225
x(12) =  0.910181
x(13) =  0.910069
x(14) =  0.909418
x(15) =  0.573094
x(16) =  0.0797044
x(17) =  0.0797044
x(18) =  0.0797044
x(19) =  0.0797044
x(20) =  0.0797044
x(21) =  0.0797044
x(22) =  0.0797044
x(23) =  0.0797044
x(24) =  0.0797044
x(25) =  0.0797044
x(26) =  0.0797044
x(27) =  0.0797044
x(28) =  0.0797044
x(29) =  0.0797044
x(30) =  0.0797044
x(31) =  0.0797044
x(32) =  0.0797044
x(33) =  0.0797044
x(34) =  0.0797044
x(35) =  0.0797044
x(36) =  0.798269
x(37) =  0.798269
x(38) =  0.798269
x(39) =  0.798269
x(40) =  0.798269
x(41) =  0.798269
x(42) =  0.798269
x(43) =  0.798269
x(44) =  0.798269
x(45) =  0.798269
x(46) =  0.798269
x(47) =  0.785664
x(48) =  0.743065
x(49) =  0.737118
x(50) =  0.732908
x(51) =  0.728323
x(52) =  0.721376
x(53) =  0.712224
x(54) =  0.699743
x(55) =  0.680929
x(56) =  0.663673
x(57) =  0.653037
x(58) =  0.646703
x(59) =  0.64235
x(60) =  0.638499
x(61) =  0.634208
x(62) =  0.628658
x(63) =  0.62055
x(64) =  0.606934
x(65) =  0.581145
x(66) =  0.533746
x(67) =  0.487768
x(68) =  0.379234
x(69) =  0.379234
x(70) =  0.379234
x(71) =  0.379234
x(72) =  0.379234
x(73) =  0.379234
x(74) =  0.379234
x(75) =  0.379234
x(76) =  0.379234
x(77) =  0.379234
x(78) =  0.379234
x(79) =  0.379234
x(80) =  0.379234
x(81) =  0.379234
x(82) =  0.379234
x(83) =  0.379234
x(84) =  0.379234
x(85) =  0.379234
x(86) =  0.379234
x(87) =  0.379234
x(88) =  0.379234
x(89) =  0.379234
x(90) =  0.379234
x(91) =  0.379234
x(92) =  0.379234
x(93) =  0.379234
x(94) =  0.379234
x(95) =  0.379234
x(96) =  0.379234
x(97) =  0.379234
x(98) =  0.379234
x(99) =  0.379234
x(100) =  0.379234
obj =  0
