modelstatus =         2.00
x(1) =     0.5000000000
x(2) =     0.5000000000
x(3) =     0.5000000001
x(4) =     1.0000000000
x(5) =     1.0000000000
x(6) =     1.0000000000
x(7) =     0.5000000000
x(8) =     0.4999999999
x(9) =     1.0000000000
x(10) =     1.0000000000
x(11) =     1.0000000000
x(12) =     0.4999999998
x(13) =     1.0000000000
x(14) =     0.5000000000
x(15) =     0.5000000000
x(16) =     1.0000000000
x(17) =     0.4999999999
x(18) =     0.5000000000
x(19) =     1.0000000000
x(20) =     1.0000000000
x(21) =     0.5000000000
x(22) =     1.0000000000
x(23) =     0.5000000000
x(24) =     1.0000000000
x(25) =     1.0000000000
x(26) =     0.5000000000
x(27) =     0.5000000000
x(28) =     1.0000000000
x(29) =     1.0000000000
x(30) =     1.0000000000
x(31) =     1.0000000000
x(32) =     1.0000000000
x(33) =     0.5000000001
x(34) =     0.5000000000
x(35) =     1.0000000000
x(36) =     1.0000000000
x(37) =     1.0000000000
x(38) =     1.0000000000
x(39) =     1.0000000000
x(40) =     0.5000000002
x(41) =     1.0000000000
x(42) =     0.4999999999
x(43) =     0.5000000000
x(44) =     1.0000000000
x(45) =     0.4999999999
x(46) =     1.0000000000
x(47) =     0.5000000000
x(48) =     1.0000000000
x(49) =     0.5000000000
x(50) =     1.0000000000
x(51) =     1.0000000000
x(52) =     0.5000000000
x(53) =     0.5000000001
x(54) =     1.0000000000
x(55) =     1.0000000000
x(56) =     0.5000000000
x(57) =     0.5000000000
x(58) =     1.0000000000
x(59) =     1.0000000000
x(60) =     0.5000000000
x(61) =     0.5000000001
x(62) =     0.4999999998
x(63) =     0.4999999999
x(64) =     0.5000000000
x(65) =     1.0000000000
x(66) =     1.0000000000
x(67) =     0.5000000001
x(68) =     1.0000000000
x(69) =     1.0000000000
x(70) =     0.5000000001
x(71) =     0.5000000000
x(72) =     0.5000000000
x(73) =     0.5000000000
x(74) =     0.5000000000
x(75) =     1.0000000000
x(76) =     0.5000000000
x(77) =     1.0000000000
x(78) =     1.0000000000
x(79) =     1.0000000000
x(80) =     1.0000000000
x(81) =     1.0000000000
x(82) =     1.0000000000
x(83) =     1.0000000000
x(84) =     0.5000000001
x(85) =     1.0000000000
x(86) =     0.5000000000
x(87) =     1.0000000000
x(88) =     1.0000000000
x(89) =     0.4999999998
x(90) =     0.5000000000
x(91) =     1.0000000000
x(92) =     1.0000000000
x(93) =     0.4999999998
x(94) =     0.5000000002
x(95) =     1.0000000000
x(96) =     0.5000000000
x(97) =     0.5000000000
x(98) =     0.5000000001
x(99) =     0.5000000000
x(100) =     0.5000000000
obj =  -156.1875000000
infeas =         0.00
nonopt =         0.00
