modelstatus =      2.00
x(1) =    -19.739240668809778
x(2) =    14.057141580183284
x(3) =    8.9354690629886147
x(4) =    0.45586130008310993
obj =    0.6233946523331706
infeas =         0.00
nonopt =         0.00
