modelstatus = 0.00
X(1) = 	-0.5207137
X(2) = 	-1.300132
X(3) = 	0.1197267
X(4) = 	-1.555699
X(5) = 	0.8491583
X(6) = 	-0.8498714
X(7) = 	-0.8484271
X(8) = 	-0.8510223
X(9) = 	-0.8465226
X(10) = 	-0.8542197
X(11) = 	-0.8410879
X(12) = 	-0.8633767
X(13) = 	-0.8253715
X(14) = 	-0.8895582
X(15) = 	-0.7794883
X(16) = 	-0.9631884
X(17) = 	-0.6430701
X(18) = 	-1.157259
X(19) = 	-0.2315647
X(20) = 	-1.517240
obj = -1900.999
infeas =         0.00
nonopt =         0.00
