modelstatus =         2.00
x(1) =    -1.7166405718
x(2) =     1.5951283748
x(3) =    -1.8281786582
x(4) =    -0.7633546659
x(5) =     0.7640455069
obj =     0.0539495040
infeas =         0.00
nonopt =         0.00
