modelstatus = 2
x(1) = 0.064262
x(2) =  1.45778e-20
x(3) =  5.19581e-23
x(4) =  0
x(5) =  0.428405
x(6) =  3.07019e-21
x(7) =  0
x(8) =  9.00344e-21
x(9) =  1.15121e-20
x(10) =  0.139985
x(11) =  0.169474
x(12) =  0.197874
obj =  0.0296892
