modelstatus =         2.00
x(1) =     1.0000000000
x(2) =     0.3090031174
x(3) =    -1.2360679775
x(4) =    -0.7265425280
x(5) =     0.9510610252
x(6) =     0.0000000000
obj =     0.0001462133
infeas =         0.00
nonopt =         0.00
