modelstatus =         2.00
x(1) =     5.7970000000
x(2) =     5.7970000000
x(3) =     9.2219805368
x(4) =     9.2219805368
x(5) =    14.5259610737
x(6) =     3.6820389263
x(7) =    -0.3519610737
x(8) =    -5.6079610737
x(9) =     8.9180000000
x(10) =    20.6277582906
x(11) =     1.3842417094
x(12) =    19.6182191737
x(13) =     2.3937808263
x(14) =    13.9454066355
x(15) =     1.7015933645
x(16) =    13.5060000000
x(17) =    11.3860000000
x(18) =    12.5860000000
x(19) =    22.4640000000
x(20) =    15.6160000000
x(21) =     2.1410000000
x(22) =     2.1410000000
x(23) =     2.1410000000
x(24) =     1.9190000000
x(25) =    11.5940000000
x(26) =     6.8499610737
x(27) =     3.6820389263
x(28) =    22.0120000000
x(29) =     1.2000000000
x(30) =     0.9600000000
x(31) =    11.5940000000
x(32) =     6.8499610737
x(33) =     3.6820389263
x(34) =    22.0120000000
x(35) =     1.2000000000
x(36) =     0.9600000000
x(37) =     3.9180000000
x(38) =     4.0340000000
x(39) =     5.2560000000
x(40) =     6.3650000000
x(41) =     2.1200000000
x(42) =     6.8480000000
x(43) =    15.6160000000
x(44) =     0.2220000000
x(45) =     1.9190000000
x(46) =  3096.6682082730
x(47) =  3092.9632238569
x(48) =  3078.8988887036
x(49) =  2927.6884767772
x(50) =  3202.3566812468
x(51) =  3067.1287581813
x(52) =  3066.2954421314
x(53) =  3546.9555754084
x(54) =  3529.2186031779
x(55) =  3317.0554745160
x(56) =  3183.0498198824
x(57) =  2971.8846959468
x(58) =  2828.9551073017
x(59) =  2807.1245404225
x(60) =  2668.0352360740
x(61) =  2500.0000000000
x(62) =  3093.9463977478
x(63) =  3448.7102971220
x(64) =   757.3757503864
x(65) =   625.0000000000
obj =    91.0562400000
infeas =         0.00
nonopt =         0.00
