modelstatus =         1.00
x(1) =     0.6666666667
x(2) =     0.3333333333
x(3) =     0.3333333333
x(4) =     2.0000000000
obj =    -2.0740740741
infeas =         0.00
nonopt =         0.00
