modelstatus = 2
x(1) = 0.947212
x(2) =  0.8
x(3) =  0.639999
x(4) =  0.409607
obj =  0.00557281
