modelstatus = 2
x(1) = 1.25588e-11
x(2) =  -0
obj =  1.57725e-27
