modelstatus =         2.00
x(1) =     0.0048605831
x(2) =     0.0016994507
x(3) =     0.0701151501
obj =     0.0000000000
infeas =         0.00
nonopt =         0.00
