modelstatus =         2.00
x(1) =     0.0009674354
x(2) =    -0.0043763573
x(3) =    -0.0087484809
x(4) =    -0.0131121408
x(5) =    -0.0174631155
x(6) =    -0.0217971959
x(7) =    -0.0261101888
x(8) =    -0.0303979218
x(9) =    -0.0346562468
x(10) =    -0.0388810442
x(11) =    -0.0430682266
x(12) =    -0.0472137433
x(13) =    -0.0513135837
x(14) =    -0.0553637816
x(15) =    -0.0593604186
x(16) =    -0.0632996282
x(17) =    -0.0671775995
x(18) =    -0.0709905808
x(19) =    -0.0747348833
x(20) =    -0.0784068847
x(21) =    -0.0820030324
x(22) =    -0.0855198475
x(23) =    -0.0889539277
x(24) =    -0.0923019507
x(25) =    -0.0955606776
x(26) =    -0.0987269556
x(27) =    -0.1017977217
x(28) =    -0.1047700051
x(29) =    -0.1076409302
x(30) =    -0.1104077197
x(31) =    -0.1130676969
x(32) =    -0.1156182884
x(33) =    -0.1180570266
x(34) =    -0.1203815523
x(35) =    -0.1225896166
x(36) =    -0.1246790834
x(37) =    -0.1266479312
x(38) =    -0.1284942554
x(39) =    -0.1302162696
x(40) =    -0.1318123080
x(41) =    -0.1332808265
x(42) =    -0.1346204045
x(43) =    -0.1358297458
x(44) =    -0.1369076807
x(45) =    -0.1378531662
x(46) =    -0.1386652877
x(47) =    -0.1393432595
x(48) =    -0.1398864257
x(49) =    -0.1402942608
x(50) =    -0.1405663702
x(51) =    -0.1407024908
x(52) =    -0.1407024908
x(53) =    -0.1405663702
x(54) =    -0.1402942608
x(55) =    -0.1398864257
x(56) =    -0.1393432595
x(57) =    -0.1386652877
x(58) =    -0.1378531662
x(59) =    -0.1369076807
x(60) =    -0.1358297458
x(61) =    -0.1346204045
x(62) =    -0.1332808265
x(63) =    -0.1318123080
x(64) =    -0.1302162696
x(65) =    -0.1284942554
x(66) =    -0.1266479312
x(67) =    -0.1246790834
x(68) =    -0.1225896166
x(69) =    -0.1203815523
x(70) =    -0.1180570266
x(71) =    -0.1156182884
x(72) =    -0.1130676969
x(73) =    -0.1104077197
x(74) =    -0.1076409302
x(75) =    -0.1047700051
x(76) =    -0.1017977217
x(77) =    -0.0987269556
x(78) =    -0.0955606776
x(79) =    -0.0923019507
x(80) =    -0.0889539277
x(81) =    -0.0855198475
x(82) =    -0.0820030324
x(83) =    -0.0784068847
x(84) =    -0.0747348833
x(85) =    -0.0709905808
x(86) =    -0.0671775995
x(87) =    -0.0632996282
x(88) =    -0.0593604186
x(89) =    -0.0553637816
x(90) =    -0.0513135837
x(91) =    -0.0472137433
x(92) =    -0.0430682266
x(93) =    -0.0388810442
x(94) =    -0.0346562468
x(95) =    -0.0303979218
x(96) =    -0.0261101888
x(97) =    -0.0217971959
x(98) =    -0.0174631155
x(99) =    -0.0131121408
x(100) =    -0.0087484809
x(101) =    -0.0043763573
obj =     0.0009674354
infeas =         0.00
nonopt =         0.00
