modelstatus = 2
x(1) = 24.7525
x(2) =  0.247525
x(3) =  2.63158e-08
x(4) =  -24.2435
x(5) =  4.76996
obj =  6.18812
