modelstatus = 2
x(1) = 5.13858e-07
x(2) =  1.73205
obj =  -1.73205
