modelstatus = 2
x(1) = 2.99996
x(2) =  3.14975
obj =  0.199787
