modelstatus =         2.00
x(1) =     5.0100211360
x(2) =     1.1573970442
x(3) =     0.3213770392
x(4) =     0.7679168845
x(5) =     0.0376297330
x(6) =    -1.1667090718
x(7) =    -5.0100211360
x(8) =     9.9900564070
x(9) =     5.5986558700
x(10) =     1.3675494249
x(11) =    -0.8744855021
x(12) =    -0.0022488185
x(13) =    -2.9090190479
x(14) =    -9.9900564070
x(15) =    15.0001192516
x(16) =    10.6086935372
x(17) =     4.5013019369
x(18) =    -2.9868053464
x(19) =    -4.1982923472
x(20) =    -4.5704648306
x(21) =   -12.3347098648
x(22) =    20.0102239300
x(23) =    14.0907200748
x(24) =     8.8120382347
x(25) =     0.7747030590
x(26) =    -4.8170254267
x(27) =    -8.2311922376
x(28) =   -15.0856933570
x(29) =    24.9903837022
x(30) =    18.2018244470
x(31) =    11.3999514839
x(32) =     5.7547257143
x(33) =    -3.7290140973
x(34) =   -11.6995505048
x(35) =   -18.0416604046
x(36) =    30.0006135072
x(37) =    21.9604667235
x(38) =    16.4100246867
x(39) =     6.7648416340
x(40) =    -1.3118240345
x(41) =   -11.7928784637
x(42) =   -19.7941356834
x(43) =    13.2173572116
x(44) =     8.8626407809
x(45) =     8.6052408602
x(46) =     9.2521205896
x(47) =     9.0327248627
x(48) =     8.8533287616
x(49) =     8.0565685303
x(50) =    27.6026300213
x(51) =    22.5924353175
x(52) =    18.5522580375
x(53) =    18.0862678228
x(54) =    19.9778711321
x(55) =    20.1051949310
x(56) =    20.7535177889
x(57) =    40.7621881891
x(58) =    37.0039047060
x(59) =    32.0235554458
x(60) =    27.0132935416
x(61) =    28.8285010106
x(62) =    29.0910054675
x(63) =    31.2829680975
x(64) =    56.4251953584
x(65) =    51.6913648238
x(66) =    48.8320012132
x(67) =    43.8213845131
x(68) =    38.8634294081
x(69) =    40.0188120086
x(70) =    42.3347743915
x(71) =    71.9393361051
x(72) =    68.1826401370
x(73) =    64.3429527205
x(74) =    59.3318691389
x(75) =    54.4815340127
x(76) =    51.8509638250
x(77) =    53.1267461346
x(78) =    90.0006932028
x(79) =    84.9885435467
x(80) =    80.0066412483
x(81) =    74.9949503699
x(82) =    69.9834686452
x(83) =    66.6435175255
x(84) =    64.2196579862
x(85) =    -0.4500035223
obj =   -45.0003522312
infeas =         0.00
nonopt =         2.00
