modelstatus =         2.00
x(1) =    12.4714221174
x(2) =     7.4951900859
x(3) =     3.9386314622
x(4) =    -0.5774636903
x(5) =     0.3375787534
obj =     0.0011366118
infeas =         0.00
nonopt =         0.00
