modelstatus = 2
x(1) = 0.268565
x(2) =  5.23749e-21
x(3) =  8.47671e-21
x(4) =  0.028
x(5) =  0.0134
x(6) =  0
obj =  3.13581
