modelstatus =      2.00
x(1) =    -54.373223766645012
x(2) =    22.93919076033259
x(3) =    69.11916480517759
x(4) =    0.78158860074387893
obj =    3.447354619062927
infeas =         0.00
nonopt =         0.00
