modelstatus =         2.00
x(1) =    49.9998505849
x(2) =    25.0000033608
x(3) =     1.4999989973
obj =     0.0000000000
infeas =         0.00
nonopt =         0.00
