modelstatus = 2
x(1) = 3.09482e-05
x(2) =  -0.000127663
x(3) =  5.36934e-05
x(4) =  9.67786e-05
x(5) =  7.74029e-05
x(6) =  3.76068e-05
x(7) =  -5.38804e-06
x(8) =  -4.51341e-05
x(9) =  -7.96199e-05
x(10) =  -0.000108619
obj =  2.53863e-10
