modelstatus =         1.00
x(1) =     2.7955451851
x(2) =     1.0885437701
obj =    97.3094467622
infeas =         0.00
nonopt =         0.00
