modelstatus =         1.00
x(1) =     0.5596867605
x(2) =     0.0018242777
x(3) =     0.0619727561
x(4) =     0.0091951242
x(5) =     0.0000088763
x(6) =     0.0003001378
x(7) =     0.0000445238
x(8) =     0.0011692968
x(9) =     0.0001480033
x(10) =     0.0000154205
x(11) =     0.0000000000
x(12) =     0.0000000000
x(13) =     0.0000000000
x(14) =     0.0000000000
x(15) =     0.0000000000
x(16) =     0.0000000000
x(17) =     0.0000000000
x(18) =     0.0000000000
x(19) =     0.0000000000
x(20) =     0.0000000000
obj =     3.0599804532
infeas =         0.00
nonopt =         0.00
