modelstatus =         2.00
x(1) =    95.5849786274
x(2) =   488.7723811190
x(3) =   403.1086501345
x(4) =   165.7530182272
x(5) =    95.5849786274
x(6) =   488.7723811190
x(7) =   403.1086501345
x(8) =  1057.6340494807
x(9) =   568.8616683617
x(10) =   165.7530182272
obj = -2380.0267743689
infeas =         0.00
nonopt =         0.00
