modelstatus =      2.00
x(1) =    4.5753800739679527
x(2) =    -46.037673405632759
x(3) =    154.95637993826571
x(4) =    -237.28662263636372
x(5) =    231.52108529943968
x(6) =    -126.29172904444776
x(7) =    35.651881900571965
x(8) =    -4.0382719245547669
obj =    0.15976806354652737
infeas =         0.00
nonopt =         0.00
