modelstatus = -1
x(1) =    18.265558016015284
x(2) =    1.5754383382090806
x(3) =    0.14805058372116323
x(4) =    0.093920459871808332
obj =    2285.383225449551
infeas = 0
nonopt = 0
