modelstatus =         2.00
x(1) =     0.9201749684
x(2) =   275.2817961781
x(3) =     1.0000000000
obj =     0.1503832352
infeas =         0.00
nonopt =         0.00
