modelstatus = 2
x(1) = 0.00412856
x(2) =  0.00071153
obj =  8.55103e-10
