modelstatus = 2
x(1) = 1
x(2) =  0.999999
x(3) =  1
x(4) =  1
obj =  3.01345e-12
