modelstatus =         1.00
x(1) =     1.0319291593
x(2) =     1.0595751378
x(3) =     1.0852391932
x(4) =     1.1096645310
x(5) =     1.1332118992
x(6) =     1.1560918443
x(7) =     1.1784411224
x(8) =     1.2003550285
x(9) =     1.2219033611
x(10) =     1.2431391852
x(11) =     1.2641040281
x(12) =     1.2848311496
x(13) =     1.3053476965
x(14) =     1.3256761797
x(15) =     1.3458355163
x(16) =     1.3658417877
x(17) =     1.3857088011
x(18) =     1.4054485152
x(19) =     1.4250713678
x(20) =     1.4445865319
x(21) =     1.4640021191
x(22) =     1.4833253420
x(23) =     1.5025626460
x(24) =     1.5217198178
x(25) =     1.5408020741
x(26) =     1.5598141364
x(27) =     1.5787602924
x(28) =     1.5976444493
x(29) =     1.6164701781
x(30) =     1.6352407520
x(31) =     1.6539591789
x(32) =     1.6726282298
x(33) =     1.6912504635
x(34) =     1.7098282478
x(35) =     1.7283637785
x(36) =     1.7468590956
x(37) =     1.7653160977
x(38) =     1.7837365554
x(39) =     1.8021221220
x(40) =     1.8204743439
x(41) =     1.8387946698
x(42) =     1.8570844586
x(43) =     1.8753449867
x(44) =     1.8935774545
x(45) =     1.9117829926
x(46) =     1.9299626667
x(47) =     1.9481174826
x(48) =     1.9662483906
x(49) =     1.9843562895
x(50) =     2.0024420304
x(51) =     2.0205064195
x(52) =     2.0385502217
x(53) =     2.0565741630
x(54) =     2.0745789334
x(55) =     2.0925651887
x(56) =     2.1105335534
x(57) =     2.1284846218
x(58) =     2.1464189607
x(59) =     2.1643371105
x(60) =     2.1822395869
x(61) =     2.2001268826
x(62) =     2.2179994684
x(63) =     2.2358577944
x(64) =     2.2537022914
x(65) =     2.2715333717
x(66) =     2.2893514305
x(67) =     2.3071568463
x(68) =     2.3249499823
x(69) =     2.3427311869
x(70) =     2.3605007945
x(71) =     2.3782591265
x(72) =     2.3960064916
x(73) =     2.4137431864
x(74) =     2.4314694965
x(75) =     2.4491856965
x(76) =     2.4668920508
x(77) =     2.4845888142
x(78) =     2.5022762319
x(79) =     2.5199545404
x(80) =     2.5376239677
x(81) =     2.5552847339
x(82) =     2.5729370512
x(83) =     2.5905811244
x(84) =     2.6082171514
x(85) =     2.6258453235
x(86) =     2.6434658252
x(87) =     2.6610788352
x(88) =     2.6786845261
x(89) =     2.6962830649
x(90) =     2.7138746133
x(91) =     2.7314593276
x(92) =     2.7490373594
x(93) =     2.7666088552
x(94) =     2.7841739573
x(95) =     2.8017328032
x(96) =     2.8192855265
x(97) =     2.8368322567
x(98) =     2.8543731190
x(99) =     2.8719082355
x(100) =     2.8894377242
obj =     0.0000000000
infeas =         0.00
nonopt =         0.00
