modelstatus =         2.00
x(1) =     0.2727272727
x(2) =     2.0909090909
x(3) =     0.0000000000
x(4) =     0.5454545455
obj =    -4.6818181818
infeas =         0.00
nonopt =         0.00
