modelstatus =  -2.00
X(1) = 	-0.7185692
X(2) = 	-0.3391119E-03
X(3) = 	0.2260310
X(4) = 	-0.9468134E-02
X(5) = 	0.7658649
X(6) = 	0.4565865
X(7) = 	0.4717651
X(8) = 	-0.7045575E-01
X(9) = 	-0.2412342E-01
X(10) = 	-0.1101222E-01
X(11) = 	-0.6253780E-02
X(12) = 	-0.4020368E-02
X(13) = 	-0.2798760E-02
X(14) = 	-0.2059278E-02
X(15) = 	-0.1578153E-02
X(16) = 	-0.1247760E-02
X(17) = 	-0.1011165E-02
X(18) = 	-0.8359661E-03
X(19) = 	-0.7026311E-03
X(20) = 	-0.5988160E-03
X(21) = 	-0.5164111E-03
X(22) = 	-0.4499113E-03
X(23) = 	-0.3954729E-03
X(24) = 	-0.3503467E-03
X(25) = 	-0.3125243E-03
X(26) = 	-0.2805107E-03
X(27) = 	-0.2531747E-03
X(28) = 	-0.2296477E-03
X(29) = 	-0.2092537E-03
X(30) = 	-0.1914601E-03
X(31) = 	-0.1758430E-03
X(32) = 	-0.1620614E-03
X(33) = 	-0.1498385E-03
X(34) = 	-0.1389479E-03
X(35) = 	-0.1292028E-03
X(36) = 	-0.1204480E-03
obj = 1.362541
infeas =         0.00
nonopt =         0.00
